145716 125.0147819519043
145702 0.0
145684 15.60354232788086
145651 15.626907348632812
145648 15.626668930053711
145606 0.0
145583 15.626668930053711
145554 15.626668930053711
145554 15.626907348632812
145554 0.0
145541 15.62643051147461
145532 15.636205673217773
145532 15.618085861206055
145482 15.802145004272461
145473 7.128715515136719
145471 15.627384185791016
145471 15.626192092895508
145471 0.0
145420 31.25452995300293
145420 0.0
145420 15.627384185791016
145409 15.625715255737305
145409 15.62643051147461
145367 0.0
145367 15.626668930053711
145333 15.626907348632812
145297 15.657901763916016
145265 0.0
145261 26.76677703857422
145261 12.028932571411133
145261 14.040708541870117
145261 11.030197143554688
145261 3.111124038696289
145241 15.659332275390625
145237 0.0
145235 0.0
145214 23.91839027404785
145205 11.031627655029297
145205 12.031316757202148
145195 11.028051376342773
145181 8.136987686157227
145166 0.0
145153 15.658855438232422
145142 15.629291534423828
145142 15.623092651367188
145142 0.0
145142 15.628337860107422
145137 15.625715255737305
145131 15.629053115844727
145131 0.0
145078 15.624761581420898
145059 15.626907348632812
145059 0.0
145049 15.62643051147461
145019 15.625953674316406
145019 15.627861022949219
145019 0.0
145019 15.609979629516602
145019 15.638351440429688
145014 15.63405990600586
145006 0.0
144978 0.0
144957 15.626668930053711
144953 15.62643051147461
144953 0.0
144943 15.626907348632812
144943 15.626668930053711
144920 15.626668930053711
144920 0.0
144920 15.626668930053711
144920 15.627145767211914
144920 15.626668930053711
144919 0.0
144919 15.626907348632812
144878 15.658855438232422
144878 15.625715255737305
144796 0.0
144796 15.627145767211914
144796 15.626668930053711
144796 0.0
144773 15.62643051147461
144773 15.627622604370117
144749 15.627622604370117
144715 0.0
144691 15.625
144658 15.627622604370117
144624 0.0
144610 15.623092651367188
144610 15.630960464477539
144584 15.630006790161133
144557 0.0
144524 15.622854232788086
144524 15.624284744262695
144524 0.0
144524 0.0
144517 15.625476837158203
144489 15.62809944152832
144485 0.0
144485 15.625953674316406
144454 15.627861022949219
144454 0.0
144445 15.625476837158203
144370 15.627622604370117
144353 15.625953674316406
144353 0.0
144314 15.627145767211914
144238 15.626668930053711
144238 0.0
144236 15.62643051147461
144236 15.624761581420898
144220 15.629291534423828
144209 0.0
144209 15.62643051147461
144188 15.62809944152832
144168 0.0
144110 15.623807907104492
144110 15.62952995300293
144110 15.630483627319336
144066 0.0
144066 15.592098236083984
144066 15.626668930053711
144066 15.62643051147461
144066 0.0
144046 15.62643051147461
144046 15.627384185791016
144039 15.626668930053711
144029 15.657186508178711
144029 15.627622604370117
144029 0.0
144028 15.594005584716797
144014 15.626668930053711
143966 15.627145767211914
143966 15.627622604370117
143966 0.0
143966 15.62643051147461
143966 15.62643051147461
143966 15.626907348632812
143899 0.0
143899 15.627145767211914
143848 15.625953674316406
143848 15.627145767211914
143848 0.0
143832 15.626192092895508
143832 15.627145767211914
143832 0.0
143832 15.62643051147461
143832 15.626907348632812
143832 15.627145767211914
143818 0.0
143816 15.626192092895508
143805 15.627384185791016
143795 15.626192092895508
143795 0.0
143792 15.626907348632812
143792 15.626668930053711
143792 0.0
143737 15.626907348632812
143737 15.62643051147461
143708 15.626907348632812
143634 0.0
143623 15.626668930053711
143574 15.626668930053711
143574 0.0
143521 15.626907348632812
143521 15.626907348632812
143505 15.62643051147461
143483 0.0
143483 15.627145767211914
143458 15.626907348632812
143458 0.0
143415 15.626192092895508
143410 15.627145767211914
143410 0.0
143384 15.626668930053711
143384 15.626907348632812
143384 15.626668930053711
143384 15.63405990600586
143382 15.619516372680664
143363 15.626668930053711
143363 15.626668930053711
143342 0.0
143342 15.626907348632812
143336 15.626668930053711
143336 0.0
143336 15.626668930053711
143336 15.627145767211914
143336 15.626668930053711
143336 0.0
143326 15.627145767211914
143304 15.626668930053711
143304 15.62643051147461
143282 0.0
143257 15.626668930053711
143257 15.626907348632812
143257 15.62643051147461
143257 0.0
143219 15.627145767211914
143219 15.626668930053711
143213 15.62643051147461
143191 0.0
143191 15.627145767211914
143191 15.62643051147461
143158 0.0
143147 15.626907348632812
143147 15.626668930053711
143136 15.626907348632812
143136 0.0
143136 15.626668930053711
143132 15.627145767211914
143132 0.0
143132 15.62643051147461
143132 15.626668930053711
143127 15.627145767211914
143127 0.0
143127 15.62643051147461
143118 15.626668930053711
143101 15.945672988891602
143085 12.28785514831543
143085 0.0
143085 15.627622604370117
143076 15.62643051147461
143076 15.626907348632812
143076 0.0
143076 15.627145767211914
143023 15.626192092895508
143005 0.0
143005 15.627384185791016
143005 15.626907348632812
142985 15.62643051147461
142985 0.0
142985 15.626668930053711
142985 15.627145767211914
142985 0.0
142967 15.62643051147461
142967 15.626907348632812
142967 15.62643051147461
142967 0.0
142929 15.626907348632812
142929 15.626907348632812
142906 16.530275344848633
142862 12.063741683959961
142845 8.148193359375
142828 0.0
142828 15.658855438232422
142828 15.627384185791016
142828 15.630483627319336
142819 0.0
142772 15.62190055847168
142699 15.626668930053711
142671 0.0
142671 15.629291534423828
142667 15.625
142664 15.626907348632812
142664 0.0
142662 15.626668930053711
142624 15.628576278686523
142572 0.0
142564 15.624046325683594
142560 15.627861022949219
142543 15.625953674316406
142543 0.0
142519 15.628337860107422
142519 15.628814697265625
142519 0.0
142511 28.657913208007812
142493 0.0
142493 15.798330307006836
142489 15.595197677612305
142459 15.626907348632812
142459 15.62809944152832
142448 15.62643051147461
142448 0.0
142448 15.656471252441406
142428 15.627384185791016
142428 15.625953674316406
142428 0.0
142402 15.629291534423828
142385 15.624761581420898
142385 0.0
142385 15.627384185791016
142363 15.627145767211914
142363 15.628576278686523
142362 0.0
142362 15.620231628417969
142360 15.625476837158203
142360 0.0
142317 15.626668930053711
142308 15.627145767211914
142308 15.626668930053711
142308 0.0
142299 15.626907348632812
142263 15.626192092895508
142263 0.0
142263 15.626907348632812
142256 15.62809944152832
142256 15.625476837158203
142256 0.0
142256 15.627145767211914
142239 15.628576278686523
142239 0.0
142239 15.625238418579102
142187 15.626668930053711
142187 15.626907348632812
142119 0.0
142119 23.991823196411133
142119 4.686594009399414
142119 15.648126602172852
142111 0.0
142111 15.630722045898438
142111 15.632867813110352
142111 15.628337860107422
142105 0.0
142105 15.625953674316406
142105 15.627145767211914
142088 15.625476837158203
142088 0.0
142061 15.627384185791016
142032 15.627145767211914
141994 0.0
141994 15.626907348632812
141961 15.62643051147461
141961 15.626192092895508
141952 0.0
141907 15.628814697265625
141894 15.624761581420898
141894 0.0
141888 15.626668930053711
141888 15.62809944152832
141888 15.626907348632812
141888 0.0
141853 15.625953674316406
141853 15.629768371582031
141816 0.0
141788 17.1968936920166
141788 15.658378601074219
141788 0.0
141788 15.626668930053711
141788 15.627861022949219
141788 15.625476837158203
141788 0.0
141764 15.62809944152832
141764 15.625715255737305
141764 0.0
141764 15.627384185791016
141759 15.645265579223633
141743 15.607118606567383
141733 0.0
141719 15.627145767211914
141719 15.626668930053711
141719 0.0
141695 26.86285972595215
141677 4.079341888427734
141657 15.65861701965332
141657 0.0
141649 31.223773956298828
141639 15.652656555175781
141603 15.630722045898438
141597 0.0
141562 15.627145767211914
141562 15.62643051147461
141562 15.627145767211914
141562 0.0
141562 15.626668930053711
141562 15.626668930053711
141534 0.0
141484 15.62643051147461
141484 15.624761581420898
141484 15.629768371582031
141466 0.0
141422 15.627145767211914
141418 15.625953674316406
141418 15.624046325683594
141403 0.0
141403 15.629053115844727
141403 15.628814697265625
141403 0.0
141403 15.624761581420898
141387 15.632390975952148
141387 15.620708465576172
141359 0.0
141359 15.626668930053711
141359 15.627145767211914
141293 15.627622604370117
141293 0.0
141293 15.626192092895508
141200 15.626668930053711
141164 0.0
141141 15.595436096191406
141138 15.655755996704102
141138 15.631437301635742
141127 0.0
141112 15.624523162841797
141045 15.626668930053711
141045 15.625
141045 0.0
141045 15.62809944152832
141045 15.627145767211914
141031 15.62643051147461
141031 0.0
141031 15.626907348632812
141029 15.62643051147461
141029 0.0
141026 15.626907348632812
141026 15.627384185791016
141026 15.627861022949219
141026 0.0
141026 15.625238418579102
140990 15.627861022949219
140990 15.625953674316406
140970 0.0
140970 15.615463256835938
140960 15.626907348632812
140938 0.0
140938 15.626668930053711
140895 15.627145767211914
140869 15.626907348632812
140869 0.0
140863 15.626668930053711
140851 15.628576278686523
140847 0.0
140847 15.625
140847 15.625715255737305
140828 15.633583068847656
140827 0.0
140792 15.619993209838867
140777 15.633583068847656
140777 15.627861022949219
140723 0.0
140718 15.62809944152832
140718 15.624284744262695
140718 0.0
140718 15.630006790161133
140718 15.626192092895508
140699 15.623807907104492
140699 0.0
140682 15.627145767211914
140674 15.626668930053711
140672 0.0
140672 15.62952995300293
140672 15.624523162841797
140672 15.625953674316406
140656 0.0
140614 15.62643051147461
140614 15.62809944152832
140614 0.0
140614 15.626192092895508
140596 15.631675720214844
140564 15.62190055847168
140564 0.0
140488 15.626668930053711
140470 15.627145767211914
140470 0.0
140470 15.62643051147461
140452 15.62643051147461
140408 15.630006790161133
140403 0.0
140392 15.624046325683594
140360 15.63119888305664
140343 0.0
140343 15.622377395629883
140343 15.628814697265625
140302 15.624523162841797
140301 0.0
140301 15.626907348632812
140286 15.631914138793945
140286 0.0
140284 15.621423721313477
140265 15.627145767211914
140265 15.626192092895508
140245 0.0
140213 15.62809944152832
140213 15.625715255737305
140194 0.0
140194 15.625953674316406
140194 15.627861022949219
140194 15.630722045898438
140194 0.0
140194 15.624284744262695
140185 15.598773956298828
140185 15.654802322387695
140185 0.0
140176 15.625476837158203
140176 15.630006790161133
140174 15.622138977050781
140154 0.0
140114 15.627622604370117
140111 15.62643051147461
140060 0.0
140045 15.627384185791016
140045 15.62643051147461
140026 15.626192092895508
140026 0.0
140026 15.600442886352539
140015 31.28528594970703
140015 0.0
140008 15.594482421875
140008 15.627145767211914
139997 15.626907348632812
139997 0.0
139986 15.626907348632812
139986 15.626192092895508
139977 0.0
139972 15.626668930053711
139972 15.626907348632812
139960 15.626907348632812
139946 0.0
139946 15.626668930053711
139905 15.658855438232422
139905 15.62643051147461
139886 0.0
139886 15.626907348632812
139886 15.627145767211914
139876 0.0
139876 15.625953674316406
139876 15.627622604370117
139876 15.625953674316406
139800 0.0
139786 15.627622604370117
139786 15.62643051147461
139772 0.0
139772 0.0
139761 15.628814697265625
139749 15.626668930053711
139749 0.0
139748 15.627622604370117
139748 15.62809944152832
139748 15.627861022949219
139737 0.0
139694 15.624523162841797
139694 15.625476837158203
139694 0.0
139694 15.627384185791016
139677 15.626192092895508
139677 31.255483627319336
139677 0.0
139659 15.626668930053711
139659 15.627145767211914
139659 0.0
139659 15.625476837158203
139638 15.626192092895508
139599 15.624523162841797
139582 0.0
139582 15.633821487426758
139582 12.116670608520508
139582 15.65861701965332
139582 15.625476837158203
139582 0.0
139527 15.627622604370117
139489 15.627145767211914
139489 15.626668930053711
139489 0.0
139489 15.627622604370117
139489 15.629291534423828
139485 0.0
139485 15.623331069946289
139477 15.627622604370117
139458 15.625238418579102
139458 0.0
139458 15.627861022949219
139458 15.625953674316406
139458 15.626668930053711
139458 0.0
139436 15.627384185791016
139436 15.626192092895508
139436 0.0
139436 15.630006790161133
139434 15.624046325683594
139411 15.622854232788086
139404 0.0
139382 15.63262939453125
139378 15.624523162841797
139376 15.626907348632812
139367 0.0
139332 15.62809944152832
139332 15.625476837158203
139315 0.0
139296 15.626668930053711
139296 15.62643051147461
139296 15.627384185791016
139296 0.0
139296 15.627145767211914
139296 15.626192092895508
139296 15.62643051147461
139296 0.0
139296 15.628337860107422
139296 15.62643051147461
139296 0.0
139296 15.62643051147461
139289 15.625715255737305
139230 15.626668930053711
139215 0.0
139206 15.627384185791016
139206 15.627861022949219
139197 0.0
139180 15.626192092895508
139162 15.626192092895508
139162 15.627622604370117
139151 0.0
139151 15.62643051147461
139145 15.625
139145 0.0
139104 15.627622604370117
139095 15.627145767211914
139060 15.625953674316406
139060 0.0
139007 15.626668930053711
139007 15.62809944152832
139007 15.627145767211914
138990 0.0
138990 15.626668930053711
138984 15.625476837158203
138984 0.0
138984 15.62809944152832
138957 15.626907348632812
138933 15.625476837158203
138932 0.0
138932 15.627622604370117
138932 15.626192092895508
138913 0.0
138901 15.626192092895508
138898 15.627145767211914
138898 15.627384185791016
138880 0.0
138876 15.626192092895508
138863 15.62643051147461
138850 0.0
138850 15.627145767211914
138843 15.62643051147461
138804 15.627145767211914
138804 0.0
138804 15.626668930053711
138792 15.62643051147461
138791 15.62809944152832
138780 0.0
138745 15.625476837158203
138716 15.626907348632812
138716 0.0
138716 15.627384185791016
138707 15.626192092895508
138707 15.627145767211914
138690 0.0
138683 15.626192092895508
138683 15.627145767211914
138683 0.0
138663 15.625953674316406
138663 15.627861022949219
138655 15.629053115844727
138655 0.0
138652 15.624046325683594
138652 15.626907348632812
138588 0.0
138588 15.626668930053711
138588 15.626907348632812
138588 15.626668930053711
138582 0.0
138582 15.626668930053711
138582 15.622615814208984
138535 15.619516372680664
138505 0.0
138467 15.626668930053711
138467 15.627145767211914
138454 0.0
138380 15.626907348632812
138371 15.627384185791016
138349 15.62643051147461
138349 0.0
138349 15.626668930053711
138333 15.63262939453125
138331 0.0
138328 15.620708465576172
138305 15.627145767211914
138272 15.627384185791016
138249 0.0
138249 15.625476837158203
138249 15.627861022949219
138249 0.0
138249 15.625238418579102
138194 15.627145767211914
138182 15.626907348632812
138137 0.0
138135 15.626668930053711
138111 15.627622604370117
138045 15.625715255737305
138015 0.0
137969 15.627622604370117
137969 15.62643051147461
137969 0.0
137966 15.626192092895508
137966 15.62643051147461
137927 15.627145767211914
137927 0.0
137891 15.626907348632812
137891 15.626668930053711
137864 0.0
137834 15.627384185791016
137818 15.627622604370117
137817 15.625
137794 0.0
137780 15.626907348632812
137756 15.627145767211914
137756 0.0
137740 15.627384185791016
137733 15.626192092895508
137733 15.62809944152832
137722 0.0
137708 15.625238418579102
137708 15.627384185791016
137684 0.0
137684 15.625953674316406
137684 15.626907348632812
137672 15.627861022949219
137623 0.0
137586 31.232595443725586
137586 15.659093856811523
137586 0.0
137586 15.630722045898438
137586 15.622138977050781
137586 15.625476837158203
137586 0.0
137570 15.627145767211914
137561 15.627145767211914
137561 15.627384185791016
137550 0.0
137550 15.625953674316406
137515 15.627145767211914
137515 15.627145767211914
137479 0.0
137479 15.627861022949219
137479 15.625476837158203
137479 15.627145767211914
137479 0.0
137444 15.62643051147461
137419 15.626192092895508
137419 0.0
137372 15.627384185791016
137312 15.62643051147461
137281 15.626668930053711
137266 0.0
137266 15.627145767211914
137266 15.626668930053711
137266 15.627145767211914
137266 0.0
137266 15.625953674316406
137259 15.623092651367188
137254 15.630245208740234
137254 0.0
137225 15.627145767211914
137225 15.627145767211914
137225 0.0
137225 15.626192092895508
137203 15.630006790161133
137203 15.62356948852539
137203 0.0
137182 15.626907348632812
137182 15.595197677612305
137182 15.658855438232422
137182 0.0
137182 15.627145767211914
137136 15.62643051147461
137136 15.627145767211914
137136 0.0
137135 15.62952995300293
137135 15.623807907104492
137135 0.0
137135 15.626192092895508
137131 15.627145767211914
137130 15.626668930053711
137130 0.0
137120 15.626668930053711
137106 15.62643051147461
137106 0.0
137084 15.625953674316406
137082 15.627861022949219
137082 15.62643051147461
137082 0.0
137082 15.627622604370117
137082 15.626192092895508
137082 15.626192092895508
137071 0.0
137064 15.626907348632812
137064 15.63119888305664
137064 0.0
137064 15.623331069946289
137064 15.625715255737305
137064 15.626668930053711
137064 0.0
137064 15.627384185791016
137064 15.627384185791016
137040 0.0
137040 0.0
137014 17.131328582763672
137011 15.65861701965332
137011 0.0
137011 15.609502792358398
137011 15.643835067749023
137011 0.0
137011 15.625953674316406
137011 15.627861022949219
136989 15.626668930053711
136989 0.0
136989 15.628814697265625
136988 15.625953674316406
136988 15.625
136980 0.0
136980 15.627384185791016
136980 15.632867813110352
136961 0.0
136932 15.620708465576172
136920 15.596866607666016
136887 15.626668930053711
136883 0.0
136883 15.626668930053711
136876 15.626668930053711
136876 0.0
136876 15.62643051147461
136852 15.626668930053711
136837 15.626907348632812
136812 0.0
136812 15.626668930053711
136782 15.627145767211914
136751 0.0
136725 15.626668930053711
136709 15.626907348632812
136703 15.626907348632812
136698 0.0
136698 15.626907348632812
136694 15.625953674316406
136694 0.0
136694 15.626907348632812
136677 15.626907348632812
136677 15.626907348632812
136677 0.0
136677 15.627861022949219
136666 15.625953674316406
136657 15.626907348632812
136657 0.0
136657 15.62643051147461
136657 15.62643051147461
136657 15.626668930053711
136616 0.0
136600 15.627145767211914
136600 15.62643051147461
136600 0.0
136599 15.626907348632812
136599 15.626668930053711
136576 15.626907348632812
136576 0.0
136569 15.627622604370117
136569 15.625953674316406
136564 15.626907348632812
136564 0.0
136556 15.626907348632812
136548 15.62643051147461
136545 0.0
136545 15.627384185791016
136508 15.626192092895508
136508 15.626668930053711
136508 0.0
136499 15.626907348632812
136499 15.627145767211914
136471 0.0
136459 15.62643051147461
136424 15.626192092895508
136398 15.626907348632812
136382 0.0
136380 15.626668930053711
136364 15.626668930053711
136285 0.0
136285 15.627384185791016
136273 15.626668930053711
136271 15.626907348632812
136271 0.0
136271 15.626668930053711
136271 15.62643051147461
136228 0.0
136228 15.627145767211914
136228 15.626668930053711
136228 15.627384185791016
136228 0.0
136173 15.62643051147461
136154 15.626668930053711
136154 15.626192092895508
136154 0.0
136154 15.627384185791016
136154 15.62643051147461
136154 0.0
136145 15.627145767211914
136130 15.626192092895508
136130 15.626668930053711
136130 0.0
136069 31.25452995300293
136069 15.62643051147461
136048 0.0
136032 15.62643051147461
136032 15.626668930053711
136032 15.625953674316406
136006 0.0
136006 15.62643051147461
135982 15.626907348632812
135954 15.62643051147461
135954 0.0
135954 15.626668930053711
135939 15.626907348632812
135918 0.0
135918 15.627145767211914
135918 15.62643051147461
135888 15.626907348632812
135888 0.0
135863 15.626668930053711
135863 15.627145767211914
135863 15.627145767211914
135860 0.0
135845 15.626192092895508
135845 15.627145767211914
135818 15.626192092895508
135808 0.0
135787 15.628576278686523
135763 15.625238418579102
135733 15.626907348632812
135648 0.0
135636 15.625953674316406
135617 15.627384185791016
135617 15.626907348632812
135601 0.0
135601 15.62643051147461
135601 15.627145767211914
135601 15.627384185791016
135601 0.0
135601 15.625953674316406
135601 15.627384185791016
135583 0.0
135550 15.62643051147461
135542 15.627622604370117
135542 15.625953674316406
135520 0.0
135520 15.627622604370117
135520 15.625953674316406
135520 0.0
135520 15.626668930053711
135520 15.62643051147461
135520 15.627384185791016
135520 0.0
135510 15.626668930053711
135505 15.627145767211914
135437 15.62643051147461
135424 0.0
135417 15.625953674316406
135417 15.627384185791016
135417 0.0
135417 15.627145767211914
135417 15.62643051147461
135417 15.626907348632812
135397 0.0
135397 15.626668930053711
135397 15.62643051147461
135397 0.0
135363 15.627384185791016
135339 15.626192092895508
135339 15.62643051147461
135339 0.0
135326 15.626668930053711
135326 15.627145767211914
135326 15.627384185791016
135314 0.0
135314 15.62643051147461
135289 15.626907348632812
135249 0.0
135240 15.627145767211914
135208 15.62643051147461
135176 15.626668930053711
135154 0.0
135113 15.627145767211914
135113 15.625715255737305
135113 0.0
135093 15.626907348632812
135074 15.626668930053711
135039 15.627145767211914
135023 0.0
135019 15.626668930053711
135010 15.626907348632812
135001 0.0
135001 0.0
134982 15.625953674316406
134949 15.62809944152832
134931 0.0
134931 15.62643051147461
134915 15.62643051147461
134885 15.627145767211914
134885 0.0
134885 15.626907348632812
134885 15.626668930053711
134885 0.0
134885 15.627145767211914
134885 15.626192092895508
134885 15.627145767211914
134885 0.0
134858 15.62643051147461
134846 15.626668930053711
134844 0.0
134844 15.625953674316406
134844 15.628576278686523
