241 0.0
241 0.0
232 0.0
200 0.0
190 0.0
176 0.0
176 0.0
164 0.0
164 0.0
164 0.0
164 0.0
164 0.0
155 0.0
155 0.0
155 0.0
155 0.0
155 0.0
155 1.0027885437011719
145 0.0
145 0.0
145 0.0
145 0.0
145 0.0
145 0.0
140 0.0
140 0.0
140 0.0
140 0.0
120 0.0
120 0.0
120 0.0
120 0.0
120 0.0
105 0.0
105 0.0
105 0.0
105 0.0
105 0.0
102 0.0
84 0.0
84 0.0
84 0.0
84 0.0
84 0.0
84 0.0
84 0.0
84 0.0
84 0.0
84 0.0
82 0.0
82 0.0
82 0.0
82 0.0
82 0.0
71 0.0
64 0.0
64 0.0
64 0.0
64 0.0
64 0.0
64 0.0
64 0.0
64 1.0020732879638672
64 0.0
64 0.0
64 0.0
64 0.0
64 0.0
64 0.0
64 0.0
64 0.0
64 0.0
64 0.0
64 0.0
64 0.0
56 0.0
56 0.0
56 0.0
56 0.0
56 0.0
56 0.0
56 0.0
56 0.0
56 0.0
56 0.0
56 0.0
56 0.0
56 0.0
56 0.0
56 0.0
56 0.0
56 0.0
56 0.0
56 0.0
56 0.0
56 0.0
56 0.0
56 0.0
56 0.0
56 0.0
56 0.0
56 0.0
56 0.0
56 0.0
56 0.0
56 0.0
52 1.0027885437011719
52 0.0
52 0.0
52 0.0
48 0.0
48 0.0
48 0.0
48 0.0
48 0.0
48 0.0
48 0.0
48 0.0
48 0.0
48 0.0
48 0.0
48 0.0
48 0.0
48 0.0
48 0.0
48 0.0
47 0.0
47 0.0
47 0.0
47 0.0
47 0.0
47 0.0
47 0.0
47 0.0
47 0.0
47 0.0
47 0.0
47 0.0
47 0.0
47 0.0
47 0.0
47 0.0
47 0.0
47 0.0
47 0.0
47 0.0
42 0.0
42 0.0
42 0.0
42 0.0
42 0.0
42 1.0027885437011719
40 0.0
40 0.0
40 0.0
39 0.0
39 0.0
39 0.0
39 0.0
39 0.0
39 0.0
39 0.0
39 0.0
39 0.0
39 0.0
39 0.0
39 0.0
39 0.0
39 0.0
39 0.0
39 0.0
39 0.0
39 0.0
39 0.0
39 0.0
39 0.0
39 0.0
39 0.0
39 0.0
39 0.0
39 0.0
39 0.0
39 0.0
39 0.0
39 0.0
39 0.0
39 0.0
39 0.0
39 0.0
39 0.0
39 0.0
39 0.0
39 0.0
39 0.0
39 0.0
39 1.0027885437011719
36 0.0
36 0.0
36 0.0
36 0.0
36 0.0
36 0.0
36 0.0
36 0.0
36 0.0
36 0.0
36 0.0
36 0.0
36 0.0
36 0.0
36 0.0
36 0.0
36 0.0
36 0.0
36 0.0
36 0.0
36 0.0
36 0.0
36 0.0
36 0.0
36 0.0
33 0.0
33 0.0
33 0.0
33 0.0
33 0.0
31 0.0
31 0.0
31 0.0
31 0.0
31 0.0
31 0.0
31 0.0
31 0.0
31 0.0
31 0.0
31 0.0
31 0.0
31 0.0
31 0.0
31 0.0
31 0.0
31 0.0
31 0.0
31 0.0
31 0.0
31 0.0
31 0.0
31 0.0
31 0.0
31 0.0
31 0.0
31 0.0
31 0.0
31 0.0
31 0.0
31 0.0
31 0.0
31 0.0
31 0.0
31 0.0
31 0.0
31 0.0
31 0.0
31 0.0
31 0.0
31 0.0
31 0.0
31 0.0
31 0.0
31 0.0
31 0.0
31 0.0
31 0.0
31 0.0
31 0.0
31 0.0
29 0.0
29 0.0
29 1.0027885437011719
29 0.0
29 0.0
25 0.0
25 0.0
25 0.0
25 0.0
25 0.0
25 0.0
25 0.0
25 0.0
25 0.0
25 0.0
25 0.0
25 0.0
25 0.0
25 0.0
25 0.0
25 0.0
25 0.0
25 0.0
25 0.0
25 0.0
25 0.0
25 0.0
25 0.0
25 0.0
25 0.0
25 0.0
25 0.0
24 0.0
24 0.0
24 0.0
24 0.0
24 0.0
24 0.0
24 0.0
24 0.0
24 1.0025501251220703
24 0.0
24 0.0
24 0.0
24 0.0
24 0.0
24 0.0
24 0.0
24 0.0
24 0.0
24 0.0
24 0.0
24 0.0
24 0.0
24 0.0
24 0.0
24 0.0
24 0.0
24 0.0
24 0.0
24 0.0
24 0.0
24 0.0
24 0.0
24 0.0
24 0.0
24 0.0
24 0.0
24 0.0
24 0.0
24 0.0
24 0.0
24 0.0
24 0.0
24 0.0
24 0.0
24 0.0
24 1.0027885437011719
23 0.0
23 0.0
23 0.0
23 0.0
23 0.0
23 0.0
23 0.0
23 0.0
23 0.0
23 0.0
23 0.0
23 0.0
23 0.0
23 0.0
23 0.0
23 0.0
23 0.0
23 0.0
23 0.0
23 0.0
23 0.0
23 0.0
23 0.0
23 0.0
23 0.0
23 0.0
23 0.0
23 0.0
23 0.0
23 0.0
23 0.0
23 0.0
23 0.0
23 0.0
23 0.0
23 0.0
23 0.0
23 1.0027885437011719
23 0.0
23 0.0
23 0.0
23 0.0
23 0.0
23 0.0
23 0.0
23 0.0
23 0.0
23 0.0
23 0.0
23 0.0
23 0.0
23 0.0
23 0.0
23 0.0
23 0.0
23 0.0
23 0.0
23 0.0
23 0.0
23 0.0
23 0.0
23 0.0
23 0.0
23 0.0
23 0.0
23 0.0
23 0.0
23 0.0
23 0.0
23 0.0
23 0.0
23 0.0
23 0.0
23 0.0
23 0.0
23 0.0
23 0.0
23 0.0
23 0.0
23 0.0
23 0.0
23 1.0025501251220703
23 0.0
23 0.0
23 0.0
23 0.0
23 0.0
23 0.0
23 0.0
23 0.0
23 0.0
23 0.0
23 0.0
23 0.0
23 0.0
23 0.0
23 0.0
23 0.0
23 0.0
23 0.0
23 0.0
23 0.0
23 0.0
23 0.0
23 0.0
23 0.0
23 0.0
23 0.0
23 0.0
23 0.0
23 0.0
23 0.0
23 0.0
23 0.0
23 0.0
23 0.0
23 0.0
23 0.0
23 0.0
23 0.0
23 0.0
23 0.0
23 0.0
23 0.0
23 0.0
23 0.0
23 0.0
23 0.0
23 1.0027885437011719
23 0.0
23 0.0
23 0.0
23 0.0
23 0.0
23 0.0
23 0.0
23 0.0
23 0.0
23 0.0
23 0.0
23 0.0
23 0.0
22 0.0
22 0.0
22 0.0
22 0.0
22 0.0
22 0.0
22 0.0
22 0.0
22 0.0
22 0.0
22 0.0
22 0.0
22 0.0
22 0.0
22 0.0
22 0.0
22 0.0
22 0.0
22 0.0
22 0.0
22 0.0
22 0.0
22 0.0
22 0.0
22 0.0
22 0.0
22 0.0
22 0.0
22 0.0
22 0.0
22 0.0
22 0.0
22 0.0
22 0.0
21 1.0023117065429688
21 0.0
21 0.0
21 0.0
21 0.0
21 0.0
21 0.0
21 0.0
21 0.0
21 0.0
21 0.0
21 0.0
21 0.0
21 0.0
21 0.0
21 0.0
21 0.0
21 0.0
21 0.0
21 0.0
21 0.0
21 0.0
21 0.0
21 0.0
21 0.0
21 0.0
21 0.0
21 0.0
21 0.0
21 0.0
21 0.0
21 0.0
21 0.0
21 0.0
21 0.0
21 0.0
21 0.0
21 0.0
21 0.0
21 0.0
21 0.0
21 0.0
21 0.0
21 0.0
21 1.0027885437011719
21 0.0
21 0.0
21 0.0
21 0.0
21 0.0
21 0.0
21 0.0
21 0.0
21 0.0
21 0.0
21 0.0
21 0.0
21 0.0
21 0.0
21 0.0
21 0.0
21 0.0
21 0.0
21 0.0
21 0.0
21 0.0
21 0.0
21 0.0
21 0.0
21 0.0
21 0.0
21 0.0
21 0.0
21 0.0
20 0.0
20 0.0
20 0.0
20 0.0
20 0.0
19 0.0
19 0.0
19 0.0
19 0.0
19 0.0
19 0.0
19 0.0
19 0.0
19 0.0
19 0.0
19 0.0
19 0.0
19 0.0
19 0.0
19 1.0027885437011719
19 0.0
19 0.0
19 0.0
19 0.0
19 0.0
19 0.0
19 0.0
19 0.0
19 0.0
19 0.0
19 0.0
19 0.0
19 0.0
18 0.0
18 0.0
18 0.0
18 0.0
18 0.0
18 0.0
18 0.0
18 0.0
18 0.0
18 0.0
18 0.0
18 0.0
17 0.0
17 0.0
17 0.0
17 0.0
17 0.0
17 0.0
17 0.0
17 0.0
17 0.0
17 0.0
17 0.0
17 0.0
17 0.0
17 0.0
17 0.0
17 0.0
17 0.0
17 0.0
17 0.0
17 0.0
17 0.0
17 0.0
17 1.0025501251220703
17 0.0
17 0.0
17 0.0
17 0.0
17 0.0
17 0.0
17 0.0
17 0.0
17 0.0
17 0.0
17 0.0
17 0.0
17 0.0
17 0.0
17 0.0
17 0.0
17 0.0
16 0.0
16 0.0
16 0.0
16 0.0
16 0.0
16 0.0
16 0.0
16 0.0
16 0.0
16 0.0
16 0.0
16 0.0
16 0.0
16 0.0
16 0.0
16 0.0
16 0.0
16 0.0
16 0.0
16 0.0
16 0.0
16 0.0
16 0.0
16 0.0
16 0.0
16 0.0
16 0.0
16 0.0
16 1.0027885437011719
16 0.0
16 0.0
16 0.0
16 0.0
16 0.0
16 0.0
16 0.0
16 0.0
16 0.0
16 0.0
16 0.0
16 0.0
16 0.0
16 0.0
16 0.0
16 0.0
16 0.0
16 0.0
16 0.0
16 0.0
16 0.0
16 0.0
16 0.0
16 0.0
16 0.0
16 0.0
16 0.0
16 0.0
16 0.0
16 0.0
16 0.0
16 0.0
16 0.0
16 0.0
16 0.0
16 0.0
16 0.0
16 0.0
16 0.0
16 0.0
16 0.0
16 0.0
16 0.0
16 0.0
16 0.0
16 0.0
16 0.0
16 0.0
16 0.0
16 0.0
16 0.0
16 0.0
16 0.0
16 0.0
16 0.0
16 0.0
16 0.0
16 0.0
16 0.0
16 0.0
16 0.0
16 0.0
16 0.0
16 0.0
16 0.0
16 0.0
16 0.0
16 0.0
16 0.0
16 0.0
16 0.0
16 0.0
16 0.0
16 0.0
16 0.0
16 0.0
16 0.0
16 0.0
16 0.0
16 0.0
16 0.0
16 0.0
16 0.0
16 0.0
16 0.0
16 0.0
16 0.0
16 0.0
16 0.0
16 0.0
16 0.0
16 0.0
16 0.0
16 0.0
16 0.0
16 0.0
16 0.0
16 0.0
16 0.0
16 0.0
16 0.0
16 0.0
16 0.0
16 0.0
16 0.0
16 0.0
16 0.0
16 0.0
16 0.0
16 0.0
16 0.0
16 0.0
16 0.0
16 0.0
16 0.0
16 0.0
16 0.0
16 0.0
16 0.0
16 0.0
16 0.0
16 0.0
16 0.0
16 0.0
16 0.0
16 0.0
16 0.0
16 0.0
16 0.0
16 0.0
16 0.0
16 0.0
16 0.0
16 0.0
16 0.0
16 0.0
16 0.0
16 0.0
16 0.0
16 0.0
16 0.0
16 1.0027885437011719
16 0.0
16 0.0
16 0.0
16 0.0
16 0.0
16 0.0
16 0.0
16 0.0
16 0.0
16 0.0
16 0.0
16 0.0
16 0.0
16 0.0
16 0.0
16 0.0
16 0.0
16 0.0
16 0.0
16 0.0
16 0.0
16 0.0
16 0.0
16 0.0
16 0.0
16 0.0
16 0.0
16 0.0
16 0.0
16 0.0
16 0.0
16 0.0
16 0.0
16 0.0
16 0.0
16 0.0
16 0.0
16 0.0
16 0.0
16 0.0
16 0.0
16 0.0
16 1.0027885437011719
16 0.0
16 0.0
16 0.0
16 0.0
16 0.0
16 0.0
16 0.0
16 0.0
16 0.0
16 0.0
16 0.0
16 0.0
16 0.0
16 0.0
16 0.0
16 0.0
16 0.0
16 0.0
16 0.0
16 0.0
16 0.0
16 0.0
16 0.0
16 0.0
16 0.0
16 0.0
16 0.0
16 0.0
16 0.0
16 0.0
16 0.0
16 0.0
16 0.0
16 0.0
16 0.0
16 0.0
16 0.0
16 0.0
16 0.0
15 0.0
15 0.0
15 0.0
15 0.0
15 0.0
15 0.0
15 0.0
15 0.0
15 0.0
15 0.0
15 0.0
15 0.0
15 0.0
15 0.0
15 0.0
15 0.0
15 0.0
15 0.0
15 0.0
15 0.0
15 0.0
15 0.0
15 0.0
15 0.0
15 0.0
15 0.0
15 0.0
15 0.0
15 0.0
15 0.0
15 0.0
15 0.0
15 0.0
15 0.0
15 0.0
15 0.0
15 0.0
15 0.0
15 0.0
15 0.0
15 0.0
15 0.0
15 0.0
15 1.0166168212890625
15 0.0
15 0.0
15 0.0
15 0.0
15 0.0
15 0.0
15 0.0
15 0.0
15 0.0
15 0.0
15 0.0
15 0.0
15 0.0
15 0.0
