37004 0.0
37000 0.0
36988 0.0
36988 15.414237976074219
36981 0.0
36957 0.0
36925 0.0
36852 0.0
36852 0.0
36852 15.62643051147461
36823 0.0
36789 0.0
36789 0.0
36766 0.0
36762 0.0
36753 15.626668930053711
36737 0.0
36704 0.0
36657 0.0
36655 0.0
36655 0.0
36655 15.627145767211914
36655 0.0
36629 0.0
36595 0.0
36565 0.0
36559 0.0
36558 15.627622604370117
36554 0.0
36554 0.0
36554 0.0
36527 0.0
36470 0.0
36456 15.626907348632812
36438 0.0
36432 0.0
36432 0.0
36390 0.0
36383 0.0
36365 15.625715255737305
36316 0.0
36283 0.0
36267 0.0
36241 0.0
36241 0.0
36241 0.0
36241 15.627861022949219
36186 0.0
36185 0.0
36185 0.0
36185 0.0
36183 0.0
36183 15.625715255737305
36145 0.0
36088 0.0
36088 0.0
36088 0.0
36069 0.0
36069 15.62643051147461
36069 0.0
36069 0.0
36069 0.0
36069 0.0
36069 0.0
36069 15.627622604370117
36051 0.0
36051 0.0
36051 0.0
36040 0.0
36040 0.0
36016 15.62643051147461
36016 0.0
36002 0.0
35997 0.0
35970 0.0
35970 0.0
35948 15.626668930053711
35948 0.0
35948 0.0
35948 0.0
35861 0.0
35861 0.0
35844 15.627145767211914
35842 0.0
35842 0.0
35800 0.0
35780 0.0
35780 0.0
35780 0.0
35752 15.627384185791016
35731 0.0
35731 0.0
35731 0.0
35721 0.0
35721 15.627145767211914
35721 0.0
35721 0.0
35717 0.0
35717 0.0
35648 0.0
35614 15.625953674316406
35597 0.0
35594 0.0
35594 0.0
35594 0.0
35526 0.0
35522 15.626192092895508
35468 0.0
35468 0.0
35468 0.0
35433 0.0
35427 0.0
35358 0.0
35327 15.627622604370117
35315 0.0
35310 0.0
35308 0.0
35280 0.0
35273 0.0
35273 16.967058181762695
35273 3.0074119567871094
35273 2.0051002502441406
35273 3.991365432739258
35268 1.0521411895751953
35268 0.0
35268 0.0
35268 0.0
35254 0.0
35239 0.0
35181 15.65098762512207
35154 0.0
35149 0.0
35149 0.0
35136 0.0
35136 0.0
35129 15.622377395629883
35129 0.0
35126 0.0
35126 0.0
35118 0.0
35118 0.0
35118 15.627384185791016
35118 0.0
35118 0.0
35118 0.0
35118 0.0
35118 0.0
35118 15.627384185791016
35108 0.0
35108 0.0
35103 0.0
35093 0.0
35093 0.0
35092 0.0
35092 15.625238418579102
35092 0.0
35086 0.0
35074 0.0
35034 0.0
35031 0.0
35005 15.627622604370117
34987 0.0
34986 0.0
34982 0.0
34951 0.0
34908 0.0
34888 15.626907348632812
34847 0.0
34809 0.0
34787 0.0
34782 0.0
34779 0.0
34779 15.62952995300293
34779 0.0
34779 0.0
34779 0.0
34779 0.0
34771 0.0
34771 15.62356948852539
34733 0.0
34698 0.0
34698 0.0
34690 0.0
34690 0.0
34673 15.608549118041992
34668 0.0
34668 0.0
34668 0.0
34655 0.0
34641 15.795707702636719
34641 3.0350685119628906
34641 3.011941909790039
34640 1.9948482513427734
34638 3.007650375366211
34638 3.0083656311035156
34638 2.9876232147216797
34628 3.0074119567871094
34628 3.009319305419922
34608 2.0761489868164062
34604 0.0
34604 0.0
34588 0.0
34559 0.0
34543 0.0
34543 0.0
34506 0.0
34506 0.0
34469 0.0
34469 0.0
34453 15.626907348632812
34453 0.0
34453 0.0
34453 0.0
34453 0.0
34448 15.596389770507812
34426 0.0
34414 0.0
34387 0.0
34350 0.0
34335 0.0
34328 15.65694808959961
34328 0.0
34328 0.0
34328 0.0
34323 0.0
34303 0.0
34303 15.626668930053711
34303 0.0
34269 0.0
34269 0.0
34269 0.0
34269 0.0
34253 0.0
34227 15.627145767211914
34227 0.0
34197 0.0
34197 0.0
34115 0.0
34115 0.0
34115 15.623331069946289
34115 0.0
34064 0.0
34058 0.0
34050 15.629768371582031
34010 0.0
33983 0.0
33983 0.0
33950 0.0
33914 0.0
33884 15.626907348632812
33884 0.0
33884 0.0
33878 0.0
33878 0.0
33878 0.0
33861 15.62643051147461
33852 0.0
33829 0.0
33818 0.0
33810 0.0
33786 0.0
33726 0.0
33726 15.624046325683594
33726 0.0
33714 0.0
33701 0.0
33701 0.0
33685 0.0
33679 15.631675720214844
33679 0.0
33679 0.0
33679 0.0
33679 0.0
33670 0.0
33670 15.624523162841797
33670 0.0
33617 0.0
33588 0.0
33588 0.0
33585 0.0
33585 15.626668930053711
33578 0.0
33578 0.0
33568 0.0
33568 0.0
33568 0.0
33552 15.626907348632812
33545 0.0
33545 0.0
33545 0.0
33539 0.0
33510 0.0
33508 15.627384185791016
33508 0.0
33486 0.0
33486 0.0
33479 0.0
33479 0.0
33444 0.0
33444 15.626192092895508
33444 0.0
33444 0.0
33444 0.0
33425 0.0
33425 0.0
33425 15.627384185791016
33420 0.0
33410 0.0
33410 0.0
33410 0.0
33390 0.0
33390 15.631675720214844
33344 0.0
33344 0.0
33324 0.0
33324 0.0
33283 0.0
33273 15.621185302734375
33207 0.0
33207 0.0
33207 0.0
33207 0.0
33202 0.0
33202 15.62643051147461
33147 0.0
33147 0.0
33093 0.0
33083 0.0
33083 0.0
33057 15.626907348632812
33050 0.0
33026 0.0
33010 0.0
33010 0.0
33010 0.0
33010 15.624761581420898
33010 0.0
33010 0.0
32938 0.0
32938 0.0
32928 0.0
32887 15.629053115844727
32887 0.0
32887 0.0
32868 0.0
32808 0.0
32796 0.0
32791 15.626192092895508
32791 0.0
32791 0.0
32791 0.0
32791 0.0
32740 0.0
32732 0.0
32727 15.628337860107422
32705 0.0
32705 0.0
32705 0.0
32705 0.0
32666 0.0
32666 15.623092651367188
32666 0.0
32643 0.0
32637 0.0
32619 0.0
32579 15.598535537719727
32579 0.0
32579 0.0
32554 0.0
32535 0.0
32532 0.0
32522 15.65861701965332
32487 0.0
32487 0.0
32487 0.0
32487 0.0
32487 0.0
32487 15.625715255737305
32487 0.0
32463 0.0
32463 0.0
32447 0.0
32429 15.627145767211914
32429 0.0
32429 0.0
32426 0.0
32412 0.0
32399 0.0
32363 15.627145767211914
32360 0.0
32357 0.0
32357 0.0
32330 0.0
32319 0.0
32319 15.62643051147461
32319 0.0
32319 0.0
32308 0.0
32308 0.0
32308 0.0
32308 15.626192092895508
32308 0.0
32308 0.0
32308 0.0
32308 0.0
32308 15.627384185791016
32308 0.0
32250 0.0
32239 0.0
32220 0.0
32220 0.0
32200 15.62643051147461
32188 0.0
32188 0.0
32179 0.0
32129 0.0
32129 0.0
32116 15.626907348632812
32099 0.0
32099 0.0
32099 0.0
32099 0.0
32081 0.0
32068 15.626907348632812
32058 0.0
32058 0.0
32058 0.0
32058 0.0
32058 0.0
32011 0.0
32011 15.62356948852539
32011 0.0
32011 0.0
31929 0.0
31929 0.0
31929 0.0
31929 15.630006790161133
31921 0.0
31905 0.0
31905 0.0
31905 0.0
31899 0.0
31870 15.62643051147461
31870 0.0
31831 0.0
31784 0.0
31784 0.0
31738 0.0
31690 15.626668930053711
31671 0.0
31614 0.0
31614 0.0
31614 0.0
31614 15.596151351928711
31596 0.0
31595 0.0
31595 0.0
31595 0.0
31579 0.0
31564 15.657663345336914
31563 0.0
31490 0.0
31490 0.0
31490 0.0
31473 0.0
31473 15.626907348632812
31473 0.0
31461 0.0
31430 0.0
31411 0.0
31411 0.0
31411 15.626668930053711
31409 0.0
31395 0.0
31385 0.0
31385 0.0
31385 0.0
31385 15.627145767211914
31378 0.0
31378 0.0
31378 0.0
31372 0.0
31372 0.0
31372 0.0
31372 15.625715255737305
31343 0.0
31343 0.0
31343 0.0
31343 0.0
31331 0.0
31323 15.626907348632812
31323 0.0
31323 0.0
31314 0.0
31314 0.0
31275 0.0
31275 15.627622604370117
31238 0.0
31238 0.0
31238 0.0
31238 0.0
31236 0.0
31236 16.940832138061523
31236 2.9764175415039062
31183 0.9756088256835938
31183 0.0
31183 0.0
31178 0.0
31178 0.0
31147 0.0
31147 15.659332275390625
31147 0.0
31142 0.0
31121 0.0
31121 0.0
31121 0.0
31088 15.625715255737305
31087 0.0
31087 0.0
31081 0.0
31080 0.0
31071 0.0
31029 15.626668930053711
30982 0.0
30982 0.0
30982 0.0
30978 0.0
30978 0.0
30971 15.626668930053711
30971 0.0
30971 0.0
30971 0.0
30971 0.0
30971 0.0
30971 15.626192092895508
30937 0.0
30932 0.0
30922 0.0
30922 0.0
30915 0.0
30908 15.627861022949219
30877 0.0
30877 0.0
30877 0.0
30877 0.0
30877 0.0
30877 15.62643051147461
30863 0.0
30855 0.0
30844 0.0
30841 0.0
30841 0.0
30841 15.626668930053711
30833 0.0
30816 0.0
30815 0.0
30773 0.0
30773 0.0
30773 15.626668930053711
30773 0.0
30773 0.0
30747 0.0
30732 0.0
30732 15.627384185791016
30729 0.0
30725 0.0
30722 0.0
30680 0.0
30680 0.0
30662 15.628337860107422
30652 0.0
30652 0.0
30645 0.0
30603 0.0
30593 0.0
30593 15.624523162841797
30593 0.0
30577 0.0
30577 0.0
30577 0.0
30577 0.0
30577 15.626907348632812
30577 0.0
30577 0.0
30577 0.0
30577 0.0
30577 0.0
30577 0.0
30577 15.627145767211914
30577 0.0
30573 0.0
30558 0.0
30558 0.0
30540 0.0
30532 15.629291534423828
30529 0.0
30522 0.0
30510 0.0
30510 0.0
30510 0.0
30510 15.623807907104492
30510 0.0
30510 0.0
30497 0.0
30431 0.0
30429 0.0
30429 15.62809944152832
30407 0.0
30407 0.0
30396 0.0
30396 0.0
30396 0.0
30396 15.625715255737305
30396 0.0
30396 0.0
30396 0.0
30396 0.0
30385 0.0
30341 15.627384185791016
30341 0.0
30341 0.0
30341 0.0
30315 0.0
30315 0.0
30315 15.625953674316406
30293 0.0
30293 0.0
30277 0.0
30268 0.0
30268 0.0
30268 15.627384185791016
30249 0.0
30249 0.0
30249 0.0
30249 0.0
30249 0.0
30249 15.625953674316406
30242 0.0
30234 0.0
30234 0.0
30234 0.0
30228 0.0
30224 0.0
30224 0.0
30213 0.0
30208 0.0
30199 0.0
30199 0.0
30199 0.0
30199 15.627145767211914
30133 0.0
30127 0.0
30127 0.0
30127 0.0
30127 0.0
30127 15.626907348632812
30127 0.0
30127 0.0
30114 0.0
30092 0.0
30084 0.0
30076 15.62643051147461
30060 0.0
30060 0.0
30044 0.0
30044 0.0
30044 0.0
30018 15.629053115844727
29970 0.0
29970 0.0
29959 0.0
29942 0.0
29913 0.0
29913 15.624284744262695
29913 0.0
29913 0.0
29896 0.0
29870 0.0
29850 0.0
29841 15.627861022949219
29815 0.0
29810 0.0
29752 0.0
29734 0.0
29709 0.0
29709 15.626668930053711
29709 0.0
29697 0.0
29697 0.0
29666 0.0
29666 0.0
29666 15.628814697265625
29662 0.0
29662 0.0
29660 0.0
29636 0.0
29634 0.0
29620 15.625238418579102
29612 0.0
29579 0.0
29579 0.0
29569 0.0
29556 0.0
29530 15.625715255737305
29523 0.0
29473 0.0
29473 0.0
29473 0.0
29473 0.0
29473 15.626668930053711
29464 0.0
29463 0.0
29463 0.0
29463 0.0
29463 0.0
29463 15.626192092895508
29463 0.0
29448 0.0
29448 0.0
29448 0.0
29400 0.0
29400 15.628814697265625
29391 0.0
29391 0.0
29391 0.0
29359 0.0
29359 15.625715255737305
29359 0.0
29349 0.0
29349 0.0
29349 0.0
29349 0.0
29349 15.626668930053711
29345 0.0
29345 0.0
29345 0.0
29334 0.0
29333 0.0
29333 15.626192092895508
29333 0.0
29333 0.0
29327 0.0
29327 0.0
29306 0.0
29306 0.0
29306 0.0
29281 0.0
29281 0.0
29281 0.0
29281 15.651226043701172
29281 0.0
29281 0.0
29281 0.0
29278 0.0
29278 0.0
29278 15.627384185791016
29278 0.0
29278 0.0
29276 0.0
29276 0.0
29276 0.0
29272 15.62809944152832
29272 0.0
29272 0.0
29272 0.0
29272 0.0
29272 0.0
29268 15.625715255737305
29268 0.0
29262 0.0
29262 0.0
29262 0.0
29262 0.0
29262 15.627622604370117
29262 0.0
29262 0.0
29262 0.0
29262 0.0
29262 0.0
29213 15.625238418579102
29213 0.0
29213 0.0
29212 0.0
29212 0.0
29204 0.0
29204 15.628337860107422
29204 0.0
29183 0.0
29176 0.0
29176 0.0
29176 0.0
29170 15.624284744262695
29170 0.0
29170 0.0
29144 0.0
29144 0.0
29144 0.0
29144 0.0
29115 15.626668930053711
29115 0.0
29115 0.0
29113 0.0
29113 0.0
29100 0.0
29100 15.627622604370117
29100 0.0
29063 0.0
29063 0.0
29063 0.0
29060 0.0
28975 15.62952995300293
28929 0.0
28929 0.0
28929 0.0
28929 0.0
28922 0.0
28920 15.624284744262695
28898 0.0
28898 0.0
28894 0.0
28894 0.0
28885 0.0
28867 15.625715255737305
28857 0.0
28853 0.0
28853 0.0
28840 0.0
28840 0.0
28840 15.626907348632812
28790 0.0
28790 0.0
28790 0.0
28790 0.0
28720 0.0
28720 15.626907348632812
28719 0.0
28719 0.0
28719 0.0
28718 0.0
28623 0.0
28595 15.626907348632812
28595 0.0
28595 0.0
28570 0.0
28570 0.0
28551 0.0
28551 15.625953674316406
28551 0.0
28551 0.0
28551 0.0
28551 0.0
28551 0.0
28551 15.627861022949219
28546 0.0
28546 0.0
28539 0.0
28539 0.0
28539 0.0
28490 15.628337860107422
28450 0.0
28444 0.0
28436 0.0
28429 0.0
28416 0.0
28393 0.0
28388 15.626192092895508
28381 0.0
28368 0.0
28368 0.0
28340 0.0
28340 0.0
28340 15.626192092895508
28340 0.0
28340 0.0
28302 0.0
28302 0.0
28302 0.0
28302 15.626668930053711
28302 0.0
28279 0.0
28276 0.0
28249 0.0
28249 0.0
28249 15.628576278686523
28249 0.0
28249 0.0
28223 0.0
28198 15.594005584716797
28198 0.0
28186 0.0
28178 0.0
28178 0.0
28169 0.0
28169 15.655040740966797
28169 0.0
28169 0.0
28138 0.0
28107 0.0
28107 0.0
28087 15.628337860107422
28087 0.0
28087 0.0
28087 0.0
28080 0.0
28068 0.0
28068 15.626907348632812
28068 0.0
28068 0.0
28068 0.0
28068 0.0
28068 0.0
28060 15.626907348632812
28060 0.0
28045 0.0
28045 0.0
28036 0.0
28036 0.0
27992 15.627861022949219
27992 0.0
27991 0.0
27991 0.0
27991 0.0
27990 0.0
27982 15.626192092895508
27961 0.0
27959 0.0
27959 0.0
27959 0.0
27959 0.0
27959 0.0
27935 15.625953674316406
27914 0.0
27908 0.0
27908 0.0
27908 0.0
27908 15.628337860107422
27908 0.0
27908 0.0
27908 0.0
27908 0.0
27906 0.0
27906 0.0
27838 15.62643051147461
27762 0.0
27762 0.0
27726 0.0
27706 0.0
27706 0.0
27706 15.625715255737305
27706 0.0
27706 0.0
27698 0.0
27687 0.0
27687 0.0
27687 15.629768371582031
27680 0.0
27671 0.0
27651 0.0
27651 0.0
27651 0.0
27638 15.624284744262695
27638 0.0
27638 0.0
27638 0.0
27638 0.0
27577 0.0
27565 15.625953674316406
27481 0.0
27458 0.0
27458 0.0
27458 0.0
27443 0.0
27443 15.627384185791016
27443 0.0
27443 0.0
27411 0.0
27402 0.0
27402 0.0
27402 15.632867813110352
27383 0.0
27358 0.0
27358 0.0
27355 0.0
27355 0.0
27330 15.62047004699707
27330 0.0
27300 0.0
27295 0.0
27295 0.0
27295 0.0
27295 15.627145767211914
27280 0.0
27280 0.0
27280 0.0
27280 0.0
27280 0.0
27238 15.62643051147461
27238 0.0
27219 0.0
27219 0.0
27219 0.0
