73514 31.253576278686523
73457 0.0
73431 15.54560661315918
73431 0.0
73431 0.0
73406 15.625715255737305
73404 0.0
73392 0.0
73392 1.4410018920898438
73385 0.0
73324 15.658378601074219
73307 0.0
73307 0.0
73278 15.62643051147461
73276 0.0
73270 0.0
73270 15.630245208740234
73270 0.0
73215 0.0
73209 15.625476837158203
73209 0.0
73209 0.0
73209 15.62643051147461
73196 0.0
73196 15.625476837158203
73119 0.0
73072 0.0
73072 15.62643051147461
73028 0.0
73028 0.0
73028 15.629053115844727
73028 0.0
73028 0.0
73016 15.624523162841797
73014 0.0
73009 15.596389770507812
72994 0.0
72969 0.0
72926 15.659570693969727
72900 0.0
72897 15.595674514770508
72880 0.0
72868 15.625715255737305
72793 0.0
72793 0.0
72793 15.625953674316406
72793 0.0
72724 15.627145767211914
72724 0.0
72724 15.65861701965332
72698 0.0
72641 0.0
72641 15.625953674316406
72616 0.0
72591 0.0
72591 0.0
72576 0.0
72576 15.656709671020508
72576 0.0
72576 0.0
72569 15.629053115844727
72530 0.0
72487 0.0
72483 15.625238418579102
72483 0.0
72466 0.0
72466 15.627384185791016
72466 0.0
72463 15.625238418579102
72463 0.0
72462 0.0
72462 15.628576278686523
72435 0.0
72435 0.0
72432 15.624761581420898
72432 0.0
72395 0.0
72395 15.623331069946289
72384 0.0
72384 15.633583068847656
72353 0.0
72353 0.0
72311 15.624046325683594
72311 0.0
72311 0.0
72282 15.630483627319336
72233 0.0
72233 0.0
72196 15.623331069946289
72160 0.0
72111 0.0
72111 15.628814697265625
72058 0.0
72058 15.624046325683594
72058 0.0
72021 0.0
72021 15.626907348632812
72003 0.0
72003 0.0
71985 15.626192092895508
71985 0.0
71912 0.0
71896 15.627384185791016
71896 0.0
71896 0.0
71862 15.628337860107422
71821 0.0
71821 0.0
71799 15.624523162841797
71780 0.0
71766 15.628814697265625
71728 0.0
71711 0.0
71711 15.625238418579102
71672 0.0
71672 0.0
71666 15.628814697265625
71666 0.0
71636 0.0
71636 15.625238418579102
71636 0.0
71636 0.0
71636 15.62643051147461
71632 0.0
71618 0.0
71618 15.628814697265625
71604 0.0
71598 0.0
71598 15.625238418579102
71533 0.0
71489 15.622377395629883
71479 0.0
71479 15.631437301635742
71479 0.0
71479 0.0
71479 15.62809944152832
71479 0.0
71469 0.0
71469 15.624761581420898
71431 0.0
71431 0.0
71431 15.62643051147461
71431 0.0
71430 0.0
71424 15.62809944152832
71424 0.0
71412 0.0
71403 15.625
71400 0.0
71399 15.629053115844727
71399 0.0
71370 0.0
71370 15.625238418579102
71370 0.0
71370 0.0
71360 15.62643051147461
71360 0.0
71348 0.0
71328 15.626192092895508
71324 0.0
71298 0.0
71287 15.59758186340332
71287 0.0
71283 0.0
71283 15.656471252441406
71283 0.0
71267 15.596866607666016
71255 0.0
71228 0.0
71205 15.658855438232422
71191 0.0
71191 0.0
71189 15.625476837158203
71184 0.0
71184 0.0
71134 15.596389770507812
71134 0.0
71112 15.626907348632812
71112 0.0
71112 0.0
71104 15.659093856811523
71104 0.0
71102 15.624523162841797
71102 0.0
71095 0.0
71095 15.626668930053711
71095 0.0
71095 0.0
71094 15.626668930053711
71068 0.0
71009 0.0
71009 15.596151351928711
70998 0.0
70998 0.0
70998 15.65861701965332
70998 0.0
70962 15.624761581420898
70935 0.0
70923 0.0
70889 15.627145767211914
70889 0.0
70872 0.0
70861 15.628814697265625
70837 0.0
70837 0.0
70776 15.62643051147461
70776 0.0
70776 0.0
70776 15.625
70747 0.0
70747 0.0
70747 15.626192092895508
70738 0.0
70738 15.62952995300293
70703 0.0
70664 0.0
70664 15.625238418579102
70664 0.0
70664 0.0
70664 15.625953674316406
70656 0.0
70610 0.0
70610 15.628814697265625
70610 0.0
70609 0.0
70599 15.627622604370117
70599 0.0
70599 0.0
70583 15.630245208740234
70583 0.0
70583 15.620708465576172
70583 0.0
70583 0.0
70559 15.626192092895508
70559 0.0
70559 0.0
70559 15.597343444824219
70485 0.0
70485 0.0
70485 15.658855438232422
70485 0.0
70470 0.0
70464 15.625
70460 0.0
70460 0.0
70433 15.626668930053711
70413 0.0
70363 0.0
70353 0.0
70263 0.0
70263 15.627622604370117
70247 0.0
70205 0.0
70188 15.624284744262695
70188 0.0
70131 15.623807907104492
70113 0.0
70100 0.0
70095 15.63262939453125
70095 0.0
70086 0.0
70050 15.624046325683594
70050 0.0
70050 0.0
70040 15.62643051147461
70017 0.0
70017 0.0
69979 15.627145767211914
69956 0.0
69956 0.0
69955 15.629291534423828
69955 0.0
69955 0.0
69909 15.624523162841797
69882 0.0
69882 15.626907348632812
69804 0.0
69774 0.0
69774 15.626192092895508
69747 0.0
69747 0.0
69747 15.596389770507812
69726 0.0
69726 0.0
69726 15.660285949707031
69726 0.0
69708 0.0
69690 15.613079071044922
69690 0.0
69690 15.633344650268555
69672 0.0
69650 0.0
69650 15.632152557373047
69650 0.0
69628 15.595197677612305
69628 0.0
69628 0.0
69628 15.626192092895508
69578 0.0
69578 0.0
69578 15.626668930053711
69578 0.0
69578 0.0
69545 15.62643051147461
69545 0.0
69545 0.0
69545 15.626668930053711
69537 0.0
69537 0.0
69537 15.627384185791016
69529 0.0
69529 0.0
69529 15.626668930053711
69526 0.0
69500 15.626192092895508
69500 0.0
69480 0.0
69480 15.627145767211914
69458 0.0
69458 0.0
69458 15.627145767211914
69457 0.0
69429 0.0
69417 15.626192092895508
69397 0.0
69397 0.0
69388 15.626907348632812
69388 0.0
69382 0.0
69382 15.626668930053711
69377 0.0
69377 0.0
69367 15.626668930053711
69330 0.0
69330 15.626907348632812
69330 0.0
69323 0.0
69323 15.626668930053711
69311 0.0
69311 0.0
69279 15.626907348632812
69270 0.0
69270 0.0
69270 15.626668930053711
69270 0.0
69270 0.0
69244 15.626907348632812
69240 0.0
69240 0.0
69240 15.62643051147461
69203 0.0
69203 0.0
69201 15.627145767211914
69201 0.0
69190 15.62643051147461
69184 0.0
69184 0.0
69184 15.626907348632812
69180 0.0
69147 0.0
69147 15.627145767211914
69147 0.0
69144 0.0
69144 15.626668930053711
69125 0.0
69109 0.0
69109 15.62643051147461
69109 0.0
69070 0.0
69045 15.626907348632812
69045 0.0
69036 0.0
69033 15.62643051147461
69033 0.0
69033 15.626907348632812
69033 0.0
69033 0.0
69033 15.626907348632812
69033 0.0
69033 0.0
69033 15.626668930053711
69033 0.0
69033 0.0
69033 15.626907348632812
69021 0.0
69011 0.0
68999 15.626668930053711
68990 0.0
68972 0.0
68972 15.627384185791016
68972 0.0
68972 0.0
68970 15.626192092895508
68962 0.0
68954 15.626668930053711
68954 0.0
68954 0.0
68940 15.627622604370117
68940 0.0
68940 0.0
68884 15.62643051147461
68874 0.0
68867 0.0
68831 15.626668930053711
68807 0.0
68807 15.626907348632812
68807 0.0
68777 0.0
68776 15.626668930053711
68763 0.0
68737 0.0
68729 15.62643051147461
68707 0.0
68707 0.0
68661 15.626907348632812
68641 0.0
68641 15.627384185791016
68629 0.0
68611 0.0
68611 15.659093856811523
68611 0.0
68611 0.0
68596 15.625238418579102
68596 0.0
68596 0.0
68588 15.628337860107422
68588 0.0
68574 0.0
68556 15.625476837158203
68556 0.0
68556 0.0
68556 15.627861022949219
68556 0.0
68556 15.625953674316406
68551 0.0
68551 0.0
68551 15.622377395629883
68544 0.0
68544 0.0
68514 15.633106231689453
68514 0.0
68486 0.0
68471 15.624046325683594
68471 0.0
68469 0.0
68461 15.626907348632812
68461 0.0
68441 15.627145767211914
68441 0.0
68419 0.0
68348 15.62952995300293
68348 0.0
68346 0.0
68346 15.62356948852539
68323 0.0
68303 0.0
68303 15.62643051147461
68303 0.0
68257 0.0
68257 15.629768371582031
68250 0.0
68246 0.0
68246 15.624523162841797
68246 0.0
68213 0.0
68213 15.627861022949219
68213 0.0
68189 0.0
68181 15.625953674316406
68140 0.0
68140 15.625953674316406
68140 0.0
68137 0.0
68137 15.629053115844727
68128 0.0
68128 0.0
68123 15.626668930053711
68074 0.0
68067 0.0
68067 15.625
68067 0.0
68037 0.0
68037 15.626907348632812
68037 15.629291534423828
68012 0.0
68003 0.0
67985 15.624284744262695
67982 0.0
67982 0.0
67968 15.626907348632812
67945 0.0
67922 0.0
67922 15.625238418579102
67922 0.0
67922 15.630483627319336
67919 0.0
67919 0.0
67899 15.624046325683594
67899 0.0
67886 0.0
67886 15.626668930053711
67886 0.0
67885 0.0
67885 15.626907348632812
67860 0.0
67860 15.596389770507812
67860 0.0
67860 15.625953674316406
67830 0.0
67827 0.0
67800 15.62643051147461
67800 0.0
67800 15.654563903808594
67800 0.0
67800 0.0
67800 15.630722045898438
67800 0.0
67787 15.637636184692383
67787 0.0
67787 0.0
67787 15.615463256835938
67786 0.0
67744 0.0
67723 15.62809944152832
67717 0.0
67717 0.0
67717 15.627861022949219
67717 0.0
67704 15.623807907104492
67704 0.0
67704 0.0
67686 15.617132186889648
67680 0.0
67680 0.0
67680 15.610694885253906
67680 0.0
67671 0.0
67662 15.655517578125
67662 0.0
67653 0.0
67642 15.62356948852539
67614 0.0
67614 0.0
67609 15.626907348632812
67609 0.0
67609 15.627384185791016
67609 0.0
67552 0.0
67523 15.62643051147461
67523 0.0
67521 0.0
67521 15.629053115844727
67521 0.0
67521 0.0
67521 15.624523162841797
67513 0.0
67464 0.0
67430 15.626907348632812
67430 0.0
67430 0.0
67424 0.0
67424 0.0
67413 15.629053115844727
67413 0.0
67409 0.0
67406 15.625238418579102
67385 0.0
67352 0.0
67328 15.626192092895508
67326 0.0
67315 0.0
67269 15.628576278686523
67247 0.0
67246 0.0
67229 15.625
67229 0.0
67229 15.625953674316406
67203 0.0
67203 0.0
67137 15.596628189086914
67137 0.0
67110 0.0
67110 15.660762786865234
67110 0.0
67110 0.0
67110 15.623331069946289
67098 0.0
67098 0.0
67098 15.627145767211914
67098 0.0
67074 0.0
67047 0.0
67047 0.0
66974 15.626192092895508
66961 0.0
66951 0.0
66951 15.629053115844727
66902 0.0
66891 0.0
66891 15.624284744262695
66891 0.0
66891 0.0
66891 15.626668930053711
66865 0.0
66810 0.0
66747 15.627622604370117
66747 0.0
66714 15.62809944152832
66688 0.0
66663 0.0
66655 15.624284744262695
66655 0.0
66655 0.0
66655 15.628576278686523
66655 0.0
66655 0.0
66655 15.627861022949219
66644 0.0
66623 0.0
66607 15.624523162841797
66607 0.0
66607 15.632152557373047
66589 0.0
66577 0.0
66577 15.621185302734375
66577 0.0
66539 0.0
66510 15.630245208740234
66506 0.0
66505 0.0
66505 15.623092651367188
66482 0.0
66482 0.0
66482 15.627145767211914
66482 0.0
66482 0.0
66482 15.626192092895508
66468 0.0
66461 15.627145767211914
66461 0.0
66461 0.0
66461 15.628337860107422
66431 0.0
66421 0.0
66413 15.625715255737305
66413 0.0
66391 0.0
66391 15.625953674316406
66391 0.0
66391 0.0
66385 15.627384185791016
66381 0.0
66357 0.0
66357 15.627861022949219
66357 0.0
66350 15.625476837158203
66310 0.0
66310 0.0
66272 15.626907348632812
66262 0.0
66262 0.0
66252 15.629053115844727
66238 0.0
66238 0.0
66215 15.623807907104492
66215 0.0
66215 0.0
66190 15.627861022949219
66182 0.0
66182 15.630006790161133
66181 0.0
66095 0.0
66095 15.625476837158203
66095 0.0
66095 0.0
66095 15.624761581420898
66069 0.0
66063 0.0
66051 15.62643051147461
66045 0.0
66045 0.0
66045 15.631437301635742
66032 0.0
66028 0.0
66007 15.621185302734375
66007 0.0
66000 15.62952995300293
65990 0.0
65990 0.0
65959 15.624046325683594
65959 0.0
65918 0.0
65918 15.62809944152832
65918 0.0
65892 0.0
65874 15.625715255737305
65874 0.0
65861 0.0
65861 15.628576278686523
65856 0.0
65856 0.0
65815 15.62643051147461
65801 0.0
65753 0.0
65747 15.627145767211914
65747 0.0
65747 15.627384185791016
65747 0.0
65747 0.0
65747 15.629291534423828
65745 0.0
65733 0.0
65731 15.622377395629883
65731 0.0
65721 0.0
65721 15.626668930053711
65721 0.0
65721 0.0
65721 15.628814697265625
65717 0.0
65688 0.0
65679 15.624523162841797
65675 0.0
65675 0.0
65675 15.62643051147461
65669 0.0
65669 0.0
65669 15.627622604370117
65669 0.0
65669 15.625953674316406
65669 0.0
65660 0.0
65660 15.630006790161133
65644 0.0
65644 0.0
65594 15.627861022949219
65594 0.0
65593 0.0
65556 15.622377395629883
65556 0.0
65556 0.0
65556 15.627384185791016
65556 0.0
65548 0.0
65548 15.63262939453125
65548 0.0
65541 0.0
65541 15.621423721313477
65541 0.0
65541 0.0
65523 15.626192092895508
65523 0.0
65483 15.628576278686523
65483 0.0
65483 0.0
65483 15.625
65483 0.0
65483 0.0
65449 15.627384185791016
65449 0.0
65413 0.0
65409 15.625238418579102
65409 0.0
65352 0.0
65352 15.62952995300293
65349 0.0
65349 0.0
65293 15.624284744262695
65276 0.0
65260 0.0
65260 15.627622604370117
65256 15.595436096191406
65223 15.626192092895508
65223 0.0
65223 0.0
65223 15.648603439331055
65223 0.0
65223 0.0
65205 15.625476837158203
65179 0.0
65159 0.0
65159 15.627145767211914
65159 0.0
65159 0.0
65154 15.625715255737305
65154 0.0
65154 0.0
65144 15.626907348632812
65120 0.0
65120 15.627384185791016
65120 0.0
65114 0.0
65114 15.634298324584961
65114 0.0
65114 0.0
65114 15.625238418579102
65096 0.0
65096 0.0
65092 15.626192092895508
65092 0.0
65073 0.0
65037 15.626668930053711
65011 0.0
65002 15.62809944152832
65002 0.0
65002 0.0
65002 15.625715255737305
65002 0.0
64973 0.0
64952 15.628576278686523
64925 0.0
64925 0.0
64908 15.625238418579102
64908 0.0
64905 0.0
64879 15.626668930053711
64879 0.0
64879 0.0
64879 15.626668930053711
64836 0.0
64836 0.0
64827 15.628576278686523
64809 0.0
64805 0.0
64801 0.0
64747 0.0
64736 15.626907348632812
64736 0.0
64736 0.0
64736 15.62643051147461
64736 0.0
64736 0.0
64736 15.629291534423828
64714 0.0
64714 0.0
64714 15.625
64714 0.0
64714 0.0
64714 15.626907348632812
64684 0.0
64680 0.0
64680 15.62809944152832
64680 0.0
64666 0.0
64655 15.62643051147461
64651 0.0
64651 0.0
64651 15.626192092895508
64651 0.0
64651 15.62643051147461
64642 0.0
64642 0.0
64642 15.626668930053711
64629 0.0
64629 0.0
64577 15.62643051147461
64577 0.0
64577 0.0
64485 15.626907348632812
64485 0.0
64457 0.0
64437 15.628337860107422
64425 0.0
64401 0.0
64401 15.625
64401 0.0
64394 0.0
64379 15.628814697265625
64379 0.0
64330 0.0
64330 15.625
64330 0.0
64330 15.62809944152832
64330 0.0
64295 0.0
64295 15.62643051147461
64295 0.0
64295 0.0
64295 15.627622604370117
64288 0.0
64277 0.0
64277 15.630245208740234
64248 0.0
64248 0.0
64220 15.621423721313477
64220 0.0
64218 0.0
64187 15.627145767211914
64187 0.0
64185 0.0
64171 15.626668930053711
64171 0.0
64151 15.626668930053711
64151 0.0
64151 0.0
64151 15.627861022949219
64142 0.0
64142 0.0
64133 15.625715255737305
64133 0.0
64133 0.0
64133 15.627622604370117
64112 0.0
64112 0.0
64112 15.626907348632812
64112 0.0
64112 0.0
64112 15.625238418579102
64062 0.0
64062 0.0
64062 15.627145767211914
64055 0.0
64055 15.62809944152832
64055 0.0
64051 0.0
64045 15.630960464477539
64045 0.0
64037 0.0
63983 15.621662139892578
63980 0.0
63969 0.0
63969 15.625953674316406
63907 0.0
63893 0.0
63893 15.62952995300293
63893 0.0
63893 0.0
63893 15.624284744262695
63893 0.0
63877 0.0
63828 15.626907348632812
63811 0.0
63803 0.0
63803 0.0
63803 0.0
63803 15.627145767211914
63803 0.0
63803 0.0
63803 15.628576278686523
63803 0.0
63803 0.0
63803 15.625238418579102
63767 0.0
63742 17.11249351501465
63701 0.0
63679 0.0
63660 15.657663345336914
63660 0.0
63660 15.629291534423828
63660 0.0
63660 0.0
63660 15.624284744262695
63618 0.0
63618 0.0
63618 15.627384185791016
63610 0.0
63585 0.0
63573 15.62643051147461
63573 0.0
63573 0.0
63532 15.596628189086914
63532 0.0
63532 0.0
63532 15.660762786865234
63532 0.0
63499 15.624046325683594
63476 0.0
63474 0.0
63459 15.625476837158203
63456 0.0
63454 0.0
63431 15.626668930053711
63431 0.0
63431 15.597820281982422
63427 0.0
63419 0.0
63413 15.626192092895508
63368 0.0
63368 0.0
63368 15.626668930053711
63355 0.0
63355 0.0
63336 15.62643051147461
63307 0.0
63285 0.0
63285 15.627384185791016
63255 0.0
63239 15.626907348632812
63239 0.0
63239 0.0
63239 15.626192092895508
63235 0.0
63235 0.0
63235 15.626668930053711
63235 0.0
63235 0.0
63235 15.626907348632812
63202 0.0
63188 0.0
63188 15.626668930053711
63188 0.0
