1193154 10782.54771232605
1193142 126.56092643737793
1193121 125.02288818359375
1193077 125.01931190490723
1193075 125.05221366882324
1193070 140.65003395080566
1193062 125.01907348632812
1193039 140.62047004699707
1193039 140.64788818359375
1193036 125.05698204040527
1193036 125.0162124633789
1193006 125.02551078796387
1193006 140.64669609069824
1193000 125.02217292785645
1192998 125.04076957702637
1192970 125.03457069396973
1192969 125.02026557922363
1192969 125.01955032348633
1192969 140.61665534973145
1192959 125.05531311035156
1192959 134.69457626342773
1192921 125.02121925354004
1192921 140.67506790161133
1192921 125.02741813659668
1192921 109.42602157592773
1192842 125.05292892456055
1192808 125.02360343933105
1192808 124.99117851257324
1192802 125.02765655517578
1192802 125.03886222839355
1192797 171.88024520874023
1192797 141.07918739318848
1192786 125.01788139343262
1192784 125.02241134643555
1192765 140.64979553222656
1192765 125.05292892456055
1192747 125.02026557922363
1192725 131.81519508361816
1192725 140.65122604370117
1192718 124.98736381530762
1192687 109.38501358032227
1192658 126.60670280456543
1192637 125.02336502075195
1192582 125.01883506774902
1192582 119.5836067199707
1192543 125.05626678466797
1192537 125.01907348632812
1192497 125.02145767211914
1192490 125.05245208740234
1192490 125.02121925354004
1192473 124.98855590820312
1192473 125.02169609069824
1192473 140.66219329833984
1192453 125.03957748413086
1192442 140.64860343933105
1192442 125.02169609069824
1192442 125.05364418029785
1192442 125.01955032348633
1192442 140.65074920654297
1192442 124.98950958251953
1192382 140.64860343933105
1192382 125.01144409179688
1192382 129.6370029449463
1192364 120.78213691711426
1192364 125.02837181091309
1192358 125.0145435333252
1192314 125.02074241638184
1192314 150.88152885437012
1192262 124.98641014099121
1192262 125.02098083496094
1192237 140.64931869506836
1192237 125.02098083496094
1192228 125.02145767211914
1192228 125.02002716064453
1192215 125.02193450927734
1192215 125.02098083496094
1192188 437.5762939453125
1192188 140.68055152893066
1192188 142.29273796081543
1192188 125.02503395080566
1192181 125.02217292785645
1192181 140.64764976501465
1192167 125.02717971801758
1192162 140.64455032348633
1192162 125.02098083496094
1192147 140.65146446228027
1192116 140.64645767211914
1192116 124.98950958251953
1192116 125.01955032348633
1192107 125.05388259887695
1192107 125.01168251037598
1192102 125.0307559967041
1192080 125.01049041748047
1192080 147.27282524108887
1192021 125.04720687866211
1192021 131.89697265625
1192021 125.03266334533691
1192003 125.0154972076416
1191987 125.02288818359375
1191986 140.64884185791016
1191986 125.02050399780273
1191980 125.02026557922363
1191930 125.04816055297852
1191907 125.02813339233398
1191880 125.03743171691895
1191871 125.03695487976074
1191842 125.02217292785645
1191839 125.05340576171875
1191839 124.98855590820312
1191839 125.00929832458496
1191814 125.02145767211914
1191810 140.67792892456055
1191806 125.02384185791016
1191798 140.64860343933105
1191791 125.02121925354004
1191791 125.0467300415039
1191791 125.02121925354004
1191791 135.07413864135742
1191785 125.03194808959961
1191785 125.01025199890137
1191785 109.39311981201172
1191773 125.04863739013672
1191773 125.02336502075195
1191755 125.02050399780273
1191736 125.02074241638184
1191736 125.01955032348633
1191700 125.02145767211914
1191700 125.04816055297852
1191700 125.02098083496094
1191700 125.05292892456055
1191642 125.02169609069824
1191624 125.05793571472168
1191624 125.01811981201172
1191624 140.63405990600586
1191624 125.03361701965332
1191624 140.64931869506836
1191624 124.99046325683594
1191623 125.02121925354004
1191623 125.02193450927734
1191563 125.02217292785645
1191563 125.02050399780273
1191563 125.05340576171875
1191563 125.01382827758789
1191545 125.02121925354004
1191545 125.01025199890137
1191532 125.02074241638184
1191503 125.02193450927734
1191477 125.02169609069824
1191463 156.31365776062012
1191395 132.77482986450195
1191395 140.64884185791016
1191375 125.02694129943848
1191375 125.02121925354004
1191369 125.05531311035156
1191369 125.01811981201172
1191369 132.1702003479004
1191369 125.05292892456055
1191362 126.708984375
1191342 125.02145767211914
1191340 125.05626678466797
1191306 437.53886222839355
1191299 122.01333045959473
1191299 125.02193450927734
1191297 125.02074241638184
1191297 125.01740455627441
1191211 124.98950958251953
1191135 125.02169609069824
1191115 140.6559944152832
1191055 125.01382827758789
1191046 125.04458427429199
1190973 109.39311981201172
1190973 124.98879432678223
1190964 140.6691074371338
1190964 125.0007152557373
1190956 125.02074241638184
1190956 125.02050399780273
1190944 125.01907348632812
1190934 125.02169609069824
1190934 109.39383506774902
1190892 125.04386901855469
1190874 125.01978874206543
1190874 125.01025199890137
1190868 125.01788139343262
1190868 125.01955032348633
1190822 125.02503395080566
1190801 109.39168930053711
1190801 109.39145088195801
1190801 109.39192771911621
1190801 125.02312660217285
1190787 140.61236381530762
1190787 125.02098083496094
1190787 124.98950958251953
1190733 140.64908027648926
1190703 156.27598762512207
1190703 142.38429069519043
1190703 132.80797004699707
1190684 125.02217292785645
1190684 125.02241134643555
1190684 132.37881660461426
1190627 140.6266689300537
1190624 140.64931869506836
1190624 140.65027236938477
1190602 125.02241134643555
1190590 125.01978874206543
1190590 125.02193450927734
1190573 140.64741134643555
1190573 140.64908027648926
1190563 125.02098083496094
1190563 166.81766510009766
1190551 127.17509269714355
1190528 140.64955711364746
1190528 124.98974800109863
1190528 138.73529434204102
1190528 140.67983627319336
1190508 125.02431869506836
1190485 140.61331748962402
1190466 140.64884185791016
1190466 125.02145767211914
1190436 140.64741134643555
1190436 125.05292892456055
1190434 124.98950958251953
1190396 140.6707763671875
1190396 124.9990463256836
1190396 140.64979553222656
1190366 125.05531311035156
1190322 156.27670288085938
1190322 140.6700611114502
1190312 125.00214576721191
1190304 125.02264976501465
1190304 140.64812660217285
1190304 140.68031311035156
1190304 142.1682834625244
1190304 125.05578994750977
1190290 125.05364418029785
1190290 140.62070846557617
1190290 140.64455032348633
1190228 125.02169609069824
1190226 140.64884185791016
1190226 125.02074241638184
1190226 125.02121925354004
1190226 134.76037979125977
1190223 125.02098083496094
1190222 125.02145767211914
1190222 140.6707763671875
1190217 437.5736713409424
1190167 125.02121925354004
1190163 125.02145767211914
1190124 125.02169609069824
1190083 140.64764976501465
1190053 125.02098083496094
1190048 125.05412101745605
1189977 124.98927116394043
1189961 125.0450611114502
1189961 109.39145088195801
1189961 143.86606216430664
1189900 108.99543762207031
1189826 125.04386901855469
1189802 125.02241134643555
1189787 125.02121925354004
1189735 109.39335823059082
1189735 125.02074241638184
1189720 121.2625503540039
1189720 109.39502716064453
1189718 125.02098083496094
1189713 125.02050399780273
1189705 140.66743850708008
1189657 125.00119209289551
1189648 125.00977516174316
1189616 125.01978874206543
1189616 126.61314010620117
1189616 125.03337860107422
1189589 125.00929832458496
1189589 125.04100799560547
1189583 140.62905311584473
1189583 125.06961822509766
1189583 125.00548362731934
1189532 124.98903274536133
1189508 125.02121925354004
1189508 125.02884864807129
1189507 109.41791534423828
1189507 109.39788818359375
1189487 140.64908027648926
1189474 125.01978874206543
1189474 124.99189376831055
1189473 125.01955032348633
1189473 140.65074920654297
1189448 125.05149841308594
1189427 125.02050399780273
1189401 125.02074241638184
1189396 125.02074241638184
1189380 125.02121925354004
1189368 125.02074241638184
1189368 125.02408027648926
1189368 125.02050399780273
1189331 124.98903274536133
1189331 109.42649841308594
1189323 109.42506790161133
1189323 125.02288818359375
1189300 125.01955032348633
1189300 125.03838539123535
1189300 125.02360343933105
1189292 125.02193450927734
1189292 125.03194808959961
1189280 125.04220008850098
1189280 125.02193450927734
1189277 140.66743850708008
1189277 125.02074241638184
1189244 125.02169609069824
1189244 125.02169609069824
1189244 126.51848793029785
1189202 125.01120567321777
1189184 125.02264976501465
1189184 109.39335823059082
1189163 125.02908706665039
1189105 130.85699081420898
1189105 125.01788139343262
1189016 130.47456741333008
1188985 125.02312660217285
1188925 125.02193450927734
1188925 140.64502716064453
1188925 125.02360343933105
1188920 109.42554473876953
1188899 124.98927116394043
1188888 125.05221366882324
1188876 125.02074241638184
1188876 125.02169609069824
1188868 125.02241134643555
1188868 140.63310623168945
1188868 406.33416175842285
1188868 109.39335823059082
1188849 109.4212532043457
1188849 124.98879432678223
1188827 125.02074241638184
1188772 125.02121925354004
1188756 125.02241134643555
1188731 125.02050399780273
1188731 109.39478874206543
1188731 123.15583229064941
1188726 125.04386901855469
1188726 125.01335144042969
1188699 125.04220008850098
1188699 125.0448226928711
1188699 124.98736381530762
1188699 125.01978874206543
1188699 140.65051078796387
1188659 125.02241134643555
1188603 125.05078315734863
1188591 109.41576957702637
1188591 125.0462532043457
1188591 111.08279228210449
1188591 109.39455032348633
1188552 125.02694129943848
1188546 125.00977516174316
1188546 125.02622604370117
1188546 109.39645767211914
1188533 140.64931869506836
1188502 125.02384185791016
1188462 125.02098083496094
1188444 125.02121925354004
1188423 125.02026557922363
1188423 125.02241134643555
1188423 125.01883506774902
1188400 109.39931869506836
1188400 109.3912124633789
1188376 109.3604564666748
1188335 109.39264297485352
1188335 125.02145767211914
1188335 109.39359664916992
1188305 125.02002716064453
1188305 125.05364418029785
1188305 130.78069686889648
1188305 125.05435943603516
1188239 140.64812660217285
1188239 125.02312660217285
1188239 125.01907348632812
1188239 125.02384185791016
1188239 133.88967514038086
1188230 125.02074241638184
1188230 125.01931190490723
1188230 125.02264976501465
1188230 125.01931190490723
1188230 109.39621925354004
1188204 109.39335823059082
1188204 125.02002716064453
1188204 124.98927116394043
1188179 109.39478874206543
1188149 125.02121925354004
1188129 125.05102157592773
1188079 140.68031311035156
1188079 142.26555824279785
1188046 156.2783718109131
1188021 156.24737739562988
1187983 141.79658889770508
1187963 140.64884185791016
1187963 140.67792892456055
1187963 140.64764976501465
1187949 140.6419277191162
1187911 156.28528594970703
1187911 152.56857872009277
1187911 140.64931869506836
1187895 140.65051078796387
1187894 140.67506790161133
1187887 140.61880111694336
1187887 156.27670288085938
1187887 156.27574920654297
1187871 140.68007469177246
1187836 140.67792892456055
1187827 140.65122604370117
1187827 140.67363739013672
1187824 140.6562328338623
1187817 140.68245887756348
1187788 156.24427795410156
1187776 140.68055152893066
1187776 455.36017417907715
1187736 126.63960456848145
1187730 125.02074241638184
1187730 116.95551872253418
1187730 125.02264976501465
1187715 125.02002716064453
1187712 140.6850814819336
1187712 124.98664855957031
1187712 140.67912101745605
1187712 140.63096046447754
1187712 142.12656021118164
1187700 140.67912101745605
1187700 125.02431869506836
1187684 125.01859664916992
1187664 125.27632713317871
1187664 156.27717971801758
1187664 140.68078994750977
1187658 125.02408027648926
1187652 125.02074241638184
1187652 125.02098083496094
1187618 125.01978874206543
1187618 125.01978874206543
1187618 125.02241134643555
1187618 125.02121925354004
1187594 125.02145767211914
1187582 155.03525733947754
1187542 140.66004753112793
1187532 125.02384185791016
1187523 125.00309944152832
1187523 125.04076957702637
1187523 125.01907348632812
1187439 125.02050399780273
1187439 125.02288818359375
1187439 125.02026557922363
1187419 109.39455032348633
1187419 109.39359664916992
1187349 109.39407348632812
1187349 124.98903274536133
1187335 125.04720687866211
1187335 140.6533718109131
1187335 124.99070167541504
1187311 125.05316734313965
1187311 125.02193450927734
1187300 125.02241134643555
1187293 124.99284744262695
1187233 140.64502716064453
1187233 140.68150520324707
1187205 125.02026557922363
1187186 139.6176815032959
1187186 127.76899337768555
1187186 136.81578636169434
1187163 124.98855590820312
1187163 125.02098083496094
1187148 109.39216613769531
1187104 109.39526557922363
1187104 125.01955032348633
1187010 138.23795318603516
1187001 125.02074241638184
1187001 125.05412101745605
1187001 125.0007152557373
1187001 125.04196166992188
1186973 125.02193450927734
1186973 125.02074241638184
1186973 140.61713218688965
1186964 125.05173683166504
1186956 125.02241134643555
1186956 126.83320045471191
1186956 125.01978874206543
1186925 125.02241134643555
1186925 125.02026557922363
1186906 109.39908027648926
1186829 109.39598083496094
1186829 122.33185768127441
1186829 125.02145767211914
1186829 125.02098083496094
1186818 125.02145767211914
1186805 125.02121925354004
1186770 125.02193450927734
1186770 125.02121925354004
1186761 125.05435943603516
1186746 125.01883506774902
1186746 140.63048362731934
1186746 125.00858306884766
1186746 125.02121925354004
1186712 421.9472408294678
1186712 125.02098083496094
1186657 125.02145767211914
1186657 125.02145767211914
1186657 126.56617164611816
1186657 125.02241134643555
1186656 125.02050399780273
1186622 125.02169609069824
1186622 140.67745208740234
1186622 124.99332427978516
1186622 125.02121925354004
1186589 125.02264976501465
1186575 109.39264297485352
1186575 125.02145767211914
1186575 125.02074241638184
1186569 125.02145767211914
1186568 125.01978874206543
1186559 125.02193450927734
1186527 125.02098083496094
1186503 125.02217292785645
1186503 125.02145767211914
1186503 109.39431190490723
1186495 109.41338539123535
1186495 125.02288818359375
1186491 125.00810623168945
1186476 125.03242492675781
1186476 125.02145767211914
1186476 125.02169609069824
1186430 125.02002716064453
1186430 109.39550399780273
1186380 125.01716613769531
1186343 156.25476837158203
1186343 125.05006790161133
1186343 140.64645767211914
1186343 125.02002716064453
1186331 109.39335823059082
1186331 125.05197525024414
1186331 125.02074241638184
1186308 124.99022483825684
1186308 109.39264297485352
1186281 125.3821849822998
1186281 125.05388259887695
1186273 124.19891357421875
1186229 140.65289497375488
1186162 125.02169609069824
1186162 142.19307899475098
1186140 125.02121925354004
1186140 125.05197525024414
1186140 135.91337203979492
1186140 125.01907348632812
1186138 140.65098762512207
1186049 125.05292892456055
1186049 125.02503395080566
1186049 140.64502716064453
1186049 125.01883506774902
1185996 140.64431190490723
1185996 125.0157356262207
1185996 125.03385543823242
1185989 125.02050399780273
1185989 125.02264976501465
1185989 140.64311981201172
1185989 140.64979553222656
1185989 140.65265655517578
1185989 124.99070167541504
1185989 125.02264976501465
1185957 125.04911422729492
1185957 125.00953674316406
1185957 125.02050399780273
1185917 125.02121925354004
1185917 125.02121925354004
1185873 125.02241134643555
1185865 125.02050399780273
1185856 125.02217292785645
1185807 125.02026557922363
1185754 133.2716941833496
1185747 125.02121925354004
1185686 125.04959106445312
1185655 109.39526557922363
1185592 116.31298065185547
1185592 140.68055152893066
1185582 140.61665534973145
1185563 125.02074241638184
1185563 140.6700611114502
1185563 125.03433227539062
1185560 423.42448234558105
1185539 140.65289497375488
1185539 124.98712539672852
1185506 125.02312660217285
1185506 125.04959106445312
1185506 125.02121925354004
1185473 109.42459106445312
1185473 125.0162124633789
1185464 124.99594688415527
1185455 125.02431869506836
1185449 125.04887580871582
1185449 129.89425659179688
1185431 125.02264976501465
1185409 125.02002716064453
1185390 125.02217292785645
1185390 134.3212127685547
1185386 125.02121925354004
1185386 125.02145767211914
1185380 140.68031311035156
1185380 125.01645088195801
1185380 109.39359664916992
1185380 109.39288139343262
1185357 109.39335823059082
1185302 124.98950958251953
1185273 125.02193450927734
1185273 109.39192771911621
1185271 109.39383506774902
1185245 125.02145767211914
1185237 125.02098083496094
1185237 156.30841255187988
1185237 140.61760902404785
1185237 125.02121925354004
1185237 109.39335823059082
1185237 125.02098083496094
1185237 125.02193450927734
1185179 122.8334903717041
1185142 125.02169609069824
1185131 125.02121925354004
1185127 125.02193450927734
1185124 110.92829704284668
1185124 125.02241134643555
1185117 125.02026557922363
1185096 125.02193450927734
1185096 125.02241134643555
1185096 140.64741134643555
1185096 125.02098083496094
1185023 125.02098083496094
1185011 140.64908027648926
1185011 125.02384185791016
1185011 140.61760902404785
1184956 125.05102157592773
1184956 124.99022483825684
1184956 109.4217300415039
1184942 109.39502716064453
1184942 140.64764976501465
1184942 125.02169609069824
1184937 125.02050399780273
1184935 125.02169609069824
1184935 119.10438537597656
1184935 131.69121742248535
1184903 127.12454795837402
1184889 133.24785232543945
1184889 124.99094009399414
1184881 125.05340576171875
1184881 140.61737060546875
1184874 125.05173683166504
1184860 109.36260223388672
1184860 125.05340576171875
1184860 125.02145767211914
1184818 140.65051078796387
1184818 125.02050399780273
1184818 109.39192771911621
1184813 125.03290176391602
1184813 140.61999320983887
1184813 125.05316734313965
1184813 125.02169609069824
1184757 109.39502716064453
1184698 124.9856948852539
1184673 125.05269050598145
1184673 126.53779983520508
1184636 109.42721366882324
1184604 125.05173683166504
1184604 125.02026557922363
1184596 125.05221366882324
1184566 421.9245910644531
1184554 125.01239776611328
1184522 125.05269050598145
1184514 124.99022483825684
1184514 125.05197525024414
1184503 109.36641693115234
1184448 109.39359664916992
1184448 125.02074241638184
1184448 125.02598762512207
1184448 125.0143051147461
1184448 125.02288818359375
1184448 109.36212539672852
1184431 125.05197525024414
1184419 124.98927116394043
1184406 140.68269729614258
1184381 125.01859664916992
1184381 125.02217292785645
1184366 125.02360343933105
1184359 125.05340576171875
1184349 125.02026557922363
1184349 125.02145767211914
1184337 125.02217292785645
1184331 125.01978874206543
1184331 117.7666187286377
1184290 109.39240455627441
1184290 125.02622604370117
1184274 125.01740455627441
1184274 124.99070167541504
1184260 125.02193450927734
1184260 129.7152042388916
1184225 125.02193450927734
1184221 109.39335823059082
1184194 109.39335823059082
1184145 109.39455032348633
1184107 110.94903945922852
1184107 109.39383506774902
1184102 125.02098083496094
1184082 125.02002716064453
1184082 125.01788139343262
1184077 125.01645088195801
1184077 125.01716613769531
1184077 125.0312328338623
1184077 125.00429153442383
1184077 125.04720687866211
1184077 125.01764297485352
1184029 140.6404972076416
1184000 125.02288818359375
1183991 125.01668930053711
1183953 124.98617172241211
1183953 140.67602157592773
1183953 125.0159740447998
1183953 125.01859664916992
1183939 124.9847412109375
1183933 125.05292892456055
1183912 125.01382827758789
1183886 125.01811981201172
1183886 125.0143051147461
1183886 124.98760223388672
1183886 109.4200611114502
1183886 125.04887580871582
1183886 124.9852180480957
1183886 125.04982948303223
1183886 124.9849796295166
1183848 125.05006790161133
1183848 109.38787460327148
1183848 125.0162124633789
1183848 125.01764297485352
1183832 125.01907348632812
1183812 140.64264297485352
1183812 125.01740455627441
1183804 125.01859664916992
1183804 124.98664855957031
1183800 125.05054473876953
1183800 125.0147819519043
1183800 125.02503395080566
1183800 126.56545639038086
1183800 121.29878997802734
1183800 125.05173683166504
1183792 140.6114101409912
1183792 140.64311981201172
1183791 125.01883506774902
1183791 125.01716613769531
1183748 140.66433906555176
1183748 125.03337860107422
1183748 390.64717292785645
1183744 125.04982948303223
1183744 156.23879432678223
1183744 140.67602157592773
1183744 125.01740455627441
1183744 125.02431869506836
1183744 125.01096725463867
1183744 125.01788139343262
1183739 140.6424045562744
1183731 124.98664855957031
1183731 125.01668930053711
1183720 125.05292892456055
1183702 125.01382827758789
1183702 134.19103622436523
1183702 136.22546195983887
1183662 125.00643730163574
1183647 125.0147819519043
1183647 124.99856948852539
1183621 124.9856948852539
1183603 125.04935264587402
1183599 116.54949188232422
1183599 140.6404972076416
1183587 124.98950958251953
1183524 125.05030632019043
1183524 156.27121925354004
1183524 124.9842643737793
1183524 125.01764297485352
1183524 140.61212539672852
1183524 126.60789489746094
1183524 125.05030632019043
1183524 124.9854564666748
1183524 125.01692771911621
1183524 140.64407348632812
1183524 140.64478874206543
1183524 114.93849754333496
1183472 117.33317375183105
1183472 125.01406669616699
1183472 109.39192771911621
1183472 109.3893051147461
1183440 125.00572204589844
1183440 124.99690055847168
1183440 171.89908027648926
1183426 125.01811981201172
1183426 109.38858985900879
1183426 109.3895435333252
1183426 125.04792213439941
1183426 125.00929832458496
1183426 125.01406669616699
1183426 140.6238079071045
1183400 125.04792213439941
1183397 125.02026557922363
1183397 140.6383514404297
1183321 125.02288818359375
1183321 124.9847412109375
1183310 125.04839897155762
1183277 156.24022483825684
1183277 125.05006790161133
1183270 140.64311981201172
1183259 124.84455108642578
1183259 125.01883506774902
1183227 125.0147819519043
1183153 109.3895435333252
1183108 125.01120567321777
1183108 124.9856948852539
1183108 125.01716613769531
1183108 125.04911422729492
1183044 126.70731544494629
1183039 125.04434585571289
1183024 142.2257423400879
1183024 140.64979553222656
1183018 127.71129608154297
1183018 140.67769050598145
1183010 109.3907356262207
1182979 118.22843551635742
1182954 125.01788139343262
1182954 125.0159740447998
1182916 156.29220008850098
1182916 140.67745208740234
1182904 125.05078315734863
1182904 125.04816055297852
1182904 140.64502716064453
1182904 124.98688697814941
1182904 125.04768371582031
1182904 124.99094009399414
1182902 156.28528594970703
1182891 437.54029273986816
1182880 125.03671646118164
1182880 124.98188018798828
1182880 125.0152587890625
1182879 125.01835823059082
1182840 125.01835823059082
1182840 125.01716613769531
1182818 125.04887580871582
1182818 140.64288139343262
1182805 124.98760223388672
1182775 125.01668930053711
1182775 125.01740455627441
1182775 156.27098083496094
1182735 125.01811981201172
1182710 125.01645088195801
1182710 125.04434585571289
1182710 109.38811302185059
1182710 125.01263618469238
1182710 125.01668930053711
1182708 126.44672393798828
1182708 140.65241813659668
1182686 124.99785423278809
1182686 109.3893051147461
1182686 140.64407348632812
1182675 125.01931190490723
1182675 125.05269050598145
1182590 140.6111717224121
1182556 185.84489822387695
1182540 160.7985496520996
1182518 130.79428672790527
1182518 124.98617172241211
1182463 125.04768371582031
1182453 125.01978874206543
1182417 140.6111717224121
1182417 140.64407348632812
1182395 125.03957748413086
1182395 125.02050399780273
1182395 125.02527236938477
1182341 109.3595027923584
1182341 109.3897819519043
1182325 109.38858985900879
1182325 140.66505432128906
1182289 124.9532699584961
1182270 140.64550399780273
1182270 140.669584274292
1182212 124.99165534973145
1182138 125.01859664916992
1182122 125.0460147857666
1182093 125.01716613769531
1182093 124.98641014099121
1182093 109.3897819519043
1182093 125.01740455627441
1182093 125.01645088195801
1182031 125.04863739013672
1182031 125.01907348632812
1182031 125.0150203704834
1182022 125.02217292785645
1182008 140.6416893005371
1181942 126.55901908874512
1181918 140.61260223388672
1181918 125.03790855407715
1181918 125.01168251037598
1181892 116.18161201477051
1181872 125.0162124633789
1181830 125.01740455627441
1181805 156.27431869506836
1181805 156.27026557922363
1181758 116.60456657409668
1181747 125.04220008850098
1181732 140.61808586120605
1181732 125.01811981201172
1181718 125.04792213439941
1181706 125.01931190490723
1181706 125.0147819519043
1181685 125.02312660217285
1181685 140.60711860656738
1181685 125.01835823059082
1181666 125.04935264587402
1181666 118.28970909118652
1181666 125.05102157592773
1181656 124.9847412109375
1181620 125.04458427429199
1181620 109.4212532043457
1181609 131.1047077178955
1181609 406.33559226989746
1181578 140.64455032348633
1181550 140.61331748962402
1181495 125.01716613769531
1181492 125.01692771911621
1181492 125.01740455627441
1181492 125.01692771911621
1181488 109.3895435333252
1181488 125.0162124633789
1181488 140.64598083496094
1181488 125.0162124633789
1181467 125.01740455627441
1181443 126.53946876525879
1181425 125.01120567321777
1181422 125.01716613769531
1181422 125.04959106445312
1181422 125.0147819519043
1181412 132.4024200439453
1181408 124.98688697814941
1181408 132.15947151184082
1181408 125.01811981201172
1181408 125.01788139343262
1181408 125.01668930053711
1181405 125.01835823059082
1181334 125.01645088195801
1181334 140.6400203704834
1181334 124.99117851257324
1181334 125.01788139343262
1181331 140.66290855407715
1181331 124.99761581420898
1181331 140.67769050598145
1181288 125.01764297485352
1181288 125.0145435333252
1181270 125.01859664916992
1181259 125.0159740447998
1181259 125.01692771911621
1181247 125.01788139343262
1181247 125.01764297485352
1181239 109.38763618469238
1181205 125.01692771911621
1181205 109.3904972076416
1181205 125.01716613769531
1181171 125.01716613769531
1181168 125.01764297485352
1181151 125.01692771911621
1181151 125.01883506774902
1181151 140.62047004699707
1181109 140.66815376281738
1181109 125.02098083496094
1181088 125.01144409179688
1181087 125.02312660217285
1181087 125.01192092895508
1181087 126.54733657836914
1181049 125.05054473876953
1181049 125.01668930053711
1181049 125.01788139343262
1181032 125.01668930053711
1181016 125.01645088195801
1180953 124.98784065246582
1180947 140.67769050598145
1180937 125.01716613769531
1180908 125.01668930053711
1180883 125.01883506774902
1180850 125.0154972076416
1180832 124.98641014099121
1180829 125.04839897155762
1180783 123.09455871582031
1180783 124.98283386230469
1180758 137.13574409484863
1180711 115.50545692443848
1180705 125.0159740447998
1180705 125.01788139343262
1180676 125.01716613769531
1180660 125.01788139343262
1180660 131.9882869720459
1180660 129.1520595550537
1180660 140.64335823059082
1180660 140.6714916229248
1180660 140.64598083496094
1180639 156.24356269836426
1180639 140.67554473876953
1180639 136.9330883026123
1180594 156.27241134643555
