18179 0.0
18170 0.0
18163 0.0
18163 0.0
18159 0.0
18151 15.39921760559082
18145 0.0
18110 0.0
18110 0.0
18106 0.0
18083 0.0
18064 0.0
18064 0.0
18058 0.0
18053 0.0
18032 0.0
18032 0.0
18024 15.626907348632812
17996 0.0
17977 0.0
17977 0.0
17977 0.0
17977 0.0
17962 0.0
17962 0.0
17949 0.0
17883 0.0
17883 0.0
17872 0.0
17872 0.0
17872 15.630960464477539
17872 0.0
17831 0.0
17824 0.0
17800 0.0
17790 0.0
17790 0.0
17777 0.0
17776 0.0
17775 0.0
17775 0.0
17765 0.0
17754 0.0
17722 15.621662139892578
17722 0.0
17722 0.0
17722 0.0
17713 0.0
17703 0.0
17703 0.0
17703 0.0
17672 0.0
17672 0.0
17663 0.0
17636 0.0
17636 15.627145767211914
17636 0.0
17636 0.0
17618 0.0
17618 0.0
17618 0.0
17595 0.0
17580 0.0
17552 0.0
17552 0.0
17540 0.0
17540 0.0
17540 15.626907348632812
17518 0.0
17518 0.0
17506 0.0
17506 0.0
17487 0.0
17487 0.0
17480 0.0
17480 0.0
17465 0.0
17439 0.0
17439 0.0
17439 0.0
17426 15.632152557373047
17426 0.0
17406 0.0
17383 0.0
17383 0.0
17368 0.0
17362 0.0
17362 0.0
17362 0.0
17304 0.0
17301 0.0
17233 0.0
17233 0.0
17233 15.621662139892578
17233 0.0
17217 0.0
17217 0.0
17194 0.0
17189 0.0
17186 0.0
17186 0.0
17168 0.0
17165 0.0
17165 0.0
17165 0.0
17123 15.626192092895508
17059 0.0
17059 0.0
17059 0.0
17020 0.0
17001 0.0
17000 0.0
16995 0.0
16981 0.0
16966 0.0
16944 0.0
16944 0.0
16944 0.0
16941 15.627384185791016
16941 0.0
16941 0.0
16941 0.0
16936 0.0
16934 0.0
16923 0.0
16923 0.0
16922 0.0
16922 0.0
16906 0.0
16861 0.0
16844 15.626668930053711
16839 0.0
16839 0.0
16839 0.0
16839 0.0
16839 0.0
16839 0.0
16818 0.0
16818 0.0
16811 0.0
16783 0.0
16783 0.0
16783 0.0
16783 15.62809944152832
16775 0.0
16752 0.0
16752 0.0
16752 0.0
16732 0.0
16732 0.0
16721 0.0
16707 0.0
16696 0.0
16696 0.0
16696 0.0
16696 15.624761581420898
16696 0.0
16637 0.0
16609 0.0
16571 0.0
16545 0.0
16513 0.0
16513 0.0
16510 0.0
16494 0.0
16450 0.0
16432 0.0
16428 0.0
16427 15.627145767211914
16411 0.0
16403 0.0
16403 0.0
16403 0.0
16403 0.0
16376 0.0
16376 0.0
16376 0.0
16376 0.0
16329 0.0
16329 0.0
16327 15.626668930053711
16327 0.0
16327 0.0
16327 0.0
16327 0.0
16327 0.0
16327 0.0
16327 0.0
16318 0.0
16295 0.0
16293 0.0
16293 0.0
16285 0.0
16268 15.628337860107422
16268 0.0
16268 0.0
16249 0.0
16244 0.0
16244 0.0
16240 0.0
16240 0.0
16226 0.0
16209 0.0
16198 0.0
16193 0.0
16157 15.625715255737305
16157 0.0
16157 0.0
16157 0.0
16110 0.0
16110 0.0
16110 0.0
16110 0.0
16110 0.0
16076 0.0
16076 0.0
16041 15.626192092895508
15994 0.0
15994 0.0
15994 0.0
15976 0.0
15966 0.0
15966 0.0
15966 0.0
15926 0.0
15926 0.0
15926 0.0
15926 0.0
15898 15.629053115844727
15898 0.0
15898 0.0
15898 0.0
15898 0.0
15883 0.0
15883 0.0
15866 0.0
15864 0.0
15857 0.0
15857 0.0
15857 0.0
15857 0.0
15837 15.624761581420898
15837 0.0
15837 0.0
15763 0.0
15736 0.0
15736 0.0
15685 0.0
15670 0.0
15658 0.0
15632 0.0
15632 0.0
15592 0.0
15588 15.627622604370117
15588 0.0
15547 0.0
15547 0.0
15529 0.0
15525 0.0
15517 0.0
15516 0.0
15516 0.0
15516 0.0
15516 0.0
15498 0.0
15483 15.625953674316406
15483 0.0
15476 0.0
15458 0.0
15458 0.0
15458 0.0
15458 0.0
15458 0.0
15430 0.0
15380 0.0
15380 0.0
15379 0.0
15367 15.628814697265625
15367 0.0
15354 0.0
15354 0.0
15354 0.0
15349 0.0
15349 0.0
15349 0.0
15349 0.0
15329 0.0
15319 0.0
15319 0.0
15319 0.0
15315 15.624046325683594
15274 0.0
15274 0.0
15274 0.0
15259 0.0
15259 0.0
15259 0.0
15259 0.0
15230 0.0
15230 0.0
15230 0.0
15230 0.0
15230 15.632390975952148
15202 0.0
15202 0.0
15202 0.0
15202 0.0
15145 0.0
15145 0.0
15145 0.0
15118 0.0
15118 0.0
15118 0.0
15102 0.0
15091 15.622138977050781
15091 0.0
15086 0.0
15076 0.0
14999 0.0
14999 0.0
14999 0.0
14999 0.0
14997 0.0
14947 0.0
14923 0.0
14923 0.0
14923 0.0
14889 15.626907348632812
14889 0.0
14854 0.0
14853 0.0
14853 0.0
14840 0.0
14840 0.0
14840 0.0
14840 0.0
14840 0.0
14840 0.0
14814 15.627622604370117
14814 0.0
14814 0.0
14814 0.0
14814 0.0
14814 0.0
14810 0.0
14810 0.0
14803 0.0
14796 0.0
14796 0.0
14796 0.0
14796 0.0
14729 15.625953674316406
14729 0.0
14668 0.0
14666 0.0
14648 0.0
14644 0.0
14644 0.0
14644 0.0
14640 0.0
14640 0.0
14637 0.0
14614 0.0
14609 15.626668930053711
14585 0.0
14545 0.0
14545 0.0
14545 0.0
14531 0.0
14522 0.0
14522 0.0
14522 0.0
14510 0.0
14510 0.0
14510 0.0
14510 15.62643051147461
14510 0.0
14510 0.0
14510 0.0
14510 0.0
14510 0.0
14458 0.0
14407 0.0
14394 0.0
14393 0.0
14374 0.0
14366 15.628814697265625
14328 0.0
14322 0.0
14322 0.0
14318 0.0
14293 0.0
14286 0.0
14286 0.0
14286 0.0
14286 0.0
14248 0.0
14241 0.0
14241 15.625238418579102
14241 0.0
14241 0.0
14241 0.0
14233 0.0
14233 0.0
14231 0.0
14231 0.0
14231 0.0
14228 0.0
14224 0.0
14224 0.0
14224 0.0
14162 15.625953674316406
14159 0.0
14159 0.0
14149 0.0
14113 0.0
14113 0.0
14097 0.0
14091 0.0
14091 0.0
14091 0.0
14090 0.0
14090 0.0
14060 0.0
14059 15.629291534423828
14050 0.0
14050 0.0
14050 0.0
14048 0.0
14048 0.0
14048 0.0
14048 0.0
14047 0.0
14047 0.0
14047 0.0
14047 0.0
14047 15.625
14042 0.0
14042 0.0
14015 0.0
14015 0.0
13992 0.0
13975 0.0
13975 0.0
13965 0.0
13965 0.0
13965 0.0
13938 0.0
13938 0.0
13912 15.62643051147461
13908 0.0
13908 0.0
13908 0.0
13874 0.0
13866 0.0
13862 0.0
13817 0.0
13817 0.0
13797 0.0
13797 0.0
13788 0.0
13781 15.627145767211914
13781 0.0
13781 0.0
13773 0.0
13773 0.0
13773 0.0
13708 0.0
13708 0.0
13679 0.0
13673 0.0
13673 0.0
13673 0.0
13673 0.0
13670 15.62809944152832
13670 0.0
13670 0.0
13670 0.0
13670 0.0
13670 0.0
13670 0.0
13614 0.0
13614 0.0
13614 0.0
13614 0.0
13559 0.0
13559 15.625238418579102
13559 0.0
13556 0.0
13555 0.0
13543 0.0
13535 0.0
13535 0.0
13535 0.0
13535 0.0
13535 0.0
13535 0.0
13524 0.0
13513 0.0
13513 15.627145767211914
13513 0.0
13513 0.0
13513 0.0
13513 0.0
13491 0.0
13491 0.0
13491 0.0
13491 0.0
13491 0.0
13481 0.0
13481 0.0
13474 15.626192092895508
13473 0.0
13441 0.0
13441 0.0
13441 0.0
13441 0.0
13438 0.0
13438 0.0
13438 0.0
13430 0.0
13412 0.0
13402 0.0
13384 0.0
13384 15.626668930053711
13384 0.0
13384 0.0
13384 0.0
13379 0.0
13379 0.0
13379 0.0
13379 0.0
13379 0.0
13379 0.0
13379 0.0
13375 0.0
13375 15.62809944152832
13366 0.0
13366 0.0
13359 0.0
13282 0.0
13282 0.0
13281 0.0
13281 0.0
13281 0.0
13281 0.0
13281 0.0
13273 0.0
13260 0.0
13256 15.624761581420898
13256 0.0
13256 0.0
13239 0.0
13239 0.0
13224 0.0
13221 0.0
13187 0.0
13187 0.0
13187 0.0
13187 15.627622604370117
13187 0.0
13187 0.0
13184 0.0
13184 0.0
13184 0.0
13183 0.0
13183 0.0
13167 0.0
13148 0.0
13142 0.0
13106 0.0
13106 0.0
13097 15.626668930053711
13097 0.0
13080 0.0
13080 0.0
13080 0.0
13080 0.0
13080 0.0
13080 0.0
13080 0.0
13041 0.0
13041 0.0
13041 0.0
13041 15.630245208740234
13041 0.0
13041 0.0
13041 0.0
13041 0.0
13026 0.0
13024 0.0
13006 0.0
13006 0.0
12949 0.0
12929 0.0
12893 0.0
12873 0.0
12871 15.623331069946289
12871 0.0
12871 0.0
12871 0.0
12854 0.0
12854 0.0
12843 0.0
12829 0.0
12826 0.0
12826 0.0
12826 0.0
12826 0.0
12826 15.625953674316406
12826 0.0
12826 0.0
12826 0.0
12821 0.0
12821 0.0
12821 0.0
12821 0.0
12791 0.0
12773 0.0
12773 0.0
12773 0.0
12773 15.629768371582031
12753 0.0
12753 0.0
12751 0.0
12751 0.0
12751 0.0
12739 0.0
12731 0.0
12731 0.0
12731 0.0
12725 0.0
12725 0.0
12725 0.0
12725 15.623807907104492
12692 0.0
12692 0.0
12692 0.0
12672 0.0
12672 0.0
12672 0.0
12669 0.0
12669 0.0
12667 0.0
12647 0.0
12647 0.0
12638 15.627622604370117
12638 0.0
12638 0.0
12598 0.0
12594 0.0
12594 0.0
12594 0.0
12594 0.0
12588 0.0
12588 0.0
12588 0.0
12588 0.0
12563 0.0
12525 15.625715255737305
12525 0.0
12478 0.0
12469 0.0
12469 0.0
12454 0.0
12454 0.0
12454 0.0
12454 0.0
12454 0.0
12454 0.0
12445 0.0
12425 15.629768371582031
12425 0.0
12425 0.0
12425 0.0
12425 0.0
12410 0.0
12399 0.0
12399 0.0
12386 0.0
12386 0.0
12386 0.0
12386 0.0
12382 15.594244003295898
12377 0.0
12377 0.0
12377 0.0
12348 0.0
12348 0.0
12333 0.0
12333 0.0
12333 0.0
12329 0.0
12329 0.0
12317 0.0
12311 0.0
12311 15.626668930053711
12301 0.0
12301 0.0
12288 0.0
12288 0.0
12261 0.0
12254 0.0
12254 0.0
12248 0.0
12248 0.0
12248 0.0
12248 0.0
12248 15.626668930053711
12248 0.0
12188 0.0
12188 0.0
12188 0.0
12171 0.0
12171 0.0
12171 0.0
12171 0.0
12135 0.0
12135 0.0
12135 15.627145767211914
12130 0.0
12130 0.0
12130 0.0
12130 0.0
12130 0.0
12130 0.0
12130 0.0
12130 0.0
12130 0.0
12130 0.0
12130 15.626192092895508
12129 0.0
12129 0.0
12127 0.0
12127 0.0
12124 0.0
12099 0.0
12099 0.0
12099 0.0
12099 0.0
12099 0.0
12099 0.0
12085 15.627145767211914
12085 0.0
12085 0.0
12085 0.0
12073 0.0
12073 0.0
12073 0.0
12073 0.0
12061 0.0
12043 0.0
12043 0.0
12043 0.0
12043 15.62643051147461
12043 0.0
12043 0.0
12043 0.0
12032 0.0
12032 0.0
12032 0.0
12028 0.0
12028 0.0
12028 0.0
12028 0.0
12028 0.0
12028 0.0
12028 15.626907348632812
11991 0.0
11979 0.0
11979 0.0
11979 0.0
11979 0.0
11979 0.0
11979 0.0
11979 0.0
11979 0.0
11979 0.0
11979 0.0
11979 15.626668930053711
11979 0.0
11979 0.0
11979 0.0
11979 0.0
11968 0.0
11968 0.0
11968 0.0
11968 0.0
11959 0.0
11959 0.0
11959 0.0
11954 15.627145767211914
11954 0.0
11954 0.0
11924 0.0
11924 0.0
11924 0.0
11924 0.0
11907 0.0
11907 0.0
11907 0.0
11907 0.0
11899 0.0
11890 0.0
11878 15.626192092895508
11878 0.0
11878 0.0
11878 0.0
11878 0.0
11864 0.0
11862 0.0
11862 0.0
11862 0.0
11862 0.0
11862 0.0
11831 0.0
11829 15.627145767211914
11824 0.0
11824 0.0
11824 0.0
11824 0.0
11820 0.0
11812 0.0
11806 0.0
11806 0.0
11806 0.0
11783 0.0
11783 0.0
11783 0.0
11783 15.62643051147461
11783 0.0
11783 0.0
11783 0.0
11765 0.0
11765 0.0
11760 0.0
11760 0.0
11760 0.0
11760 0.0
11740 0.0
11726 0.0
11726 15.627145767211914
11726 0.0
11690 0.0
11690 0.0
11667 0.0
11667 0.0
11667 0.0
11667 0.0
11667 0.0
11667 0.0
11667 0.0
11667 0.0
11651 15.626668930053711
11651 0.0
11644 0.0
11644 0.0
11644 0.0
11631 0.0
11631 0.0
11617 0.0
11600 0.0
11591 0.0
11591 0.0
11577 0.0
11576 0.0
11534 15.62643051147461
11534 0.0
11534 0.0
11515 0.0
11515 0.0
11515 0.0
11515 0.0
11515 0.0
11512 0.0
11512 0.0
11512 0.0
11512 0.0
11512 15.627145767211914
11512 0.0
11502 0.0
11502 0.0
11502 0.0
11491 0.0
11491 0.0
11491 0.0
11491 0.0
11458 0.0
11458 0.0
11457 0.0
11443 15.626668930053711
11443 0.0
11423 0.0
11423 0.0
11423 0.0
11423 0.0
11415 0.0
11415 0.0
11415 0.0
11412 0.0
11412 0.0
11412 15.626668930053711
11406 0.0
11376 0.0
11376 0.0
11376 0.0
11376 0.0
11376 0.0
11376 0.0
11376 0.0
11376 0.0
11362 0.0
11362 0.0
11362 15.627384185791016
11345 0.0
11338 0.0
11338 0.0
11325 0.0
11325 0.0
11319 0.0
11319 0.0
11319 0.0
11298 0.0
11298 0.0
11298 0.0
11285 0.0
11285 15.626192092895508
11285 0.0
11285 0.0
11285 0.0
11283 0.0
11281 0.0
11273 0.0
11239 0.0
11239 0.0
11239 0.0
11229 0.0
11229 0.0
11229 15.62643051147461
11229 0.0
11229 0.0
11229 0.0
11154 0.0
11103 0.0
11103 0.0
11085 0.0
11082 0.0
11082 0.0
11082 0.0
11082 0.0
11072 15.627145767211914
11064 0.0
11047 0.0
11047 0.0
11047 0.0
11046 0.0
11045 0.0
11004 0.0
11004 0.0
11004 0.0
10990 0.0
10990 0.0
10990 0.0
10990 15.626907348632812
10990 0.0
10981 0.0
10957 0.0
10955 0.0
10951 0.0
10951 0.0
10951 0.0
10934 0.0
10934 0.0
10934 0.0
10934 0.0
10924 15.62643051147461
10924 0.0
10924 0.0
10924 0.0
10922 0.0
10897 0.0
10877 0.0
10868 0.0
10854 0.0
10827 0.0
10827 0.0
10803 0.0
10782 0.0
10782 15.626668930053711
10782 0.0
10782 0.0
10782 0.0
10782 0.0
10782 0.0
10782 0.0
10782 0.0
10782 0.0
10764 0.0
10753 0.0
10753 0.0
10753 15.626907348632812
