8843 0.0
8843 0.0
8816 0.0
8816 0.0
8809 0.0
8805 0.0
8738 0.0
8716 0.0
8716 0.0
8706 0.0
8706 15.412569046020508
8685 0.0
8685 0.0
8640 0.0
8625 0.0
8611 0.0
8611 0.0
8603 0.0
8603 0.0
8598 0.0
8598 0.0
8598 0.0
8598 0.0
8537 0.0
8537 0.0
8497 0.0
8490 0.0
8490 0.0
8442 0.0
8442 0.0
8420 0.0
8420 0.0
8420 0.0
8417 0.0
8412 0.0
8406 15.615224838256836
8391 0.0
8373 0.0
8373 0.0
8365 0.0
8328 0.0
8323 0.0
8267 0.0
8253 0.0
8253 0.0
8253 0.0
8253 0.0
8233 0.0
8220 0.0
8220 0.0
8220 0.0
8220 0.0
8219 0.0
8209 0.0
8160 0.0
8160 0.0
8160 0.0
8159 0.0
8159 0.0
8159 0.0
8159 0.0
8159 15.626668930053711
8159 0.0
8130 0.0
8115 0.0
8114 0.0
8108 0.0
8108 0.0
8108 0.0
8108 0.0
8086 0.0
8086 0.0
8086 0.0
8086 0.0
8085 0.0
8085 0.0
8073 0.0
8073 0.0
8073 0.0
8055 0.0
8038 0.0
8038 0.0
8018 0.0
8018 0.0
8018 0.0
7995 0.0
7957 0.0
7957 15.631914138793945
7957 0.0
7911 0.0
7905 0.0
7904 0.0
7904 0.0
7903 0.0
7903 0.0
7903 0.0
7903 0.0
7895 0.0
7895 0.0
7895 0.0
7895 0.0
7875 0.0
7867 0.0
7867 0.0
7867 0.0
7815 0.0
7811 0.0
7770 0.0
7770 0.0
7770 0.0
7761 0.0
7753 0.0
7745 15.626907348632812
7745 0.0
7700 0.0
7672 0.0
7672 0.0
7672 0.0
7672 0.0
7672 0.0
7672 0.0
7672 0.0
7672 0.0
7672 0.0
7672 0.0
7672 0.0
7657 0.0
7651 0.0
7651 0.0
7644 0.0
7628 0.0
7605 0.0
7605 0.0
7596 0.0
7591 0.0
7584 0.0
7584 0.0
7573 0.0
7573 15.622377395629883
7520 0.0
7520 0.0
7520 0.0
7520 0.0
7520 0.0
7515 0.0
7515 0.0
7515 0.0
7515 0.0
7452 0.0
7452 0.0
7416 0.0
7396 0.0
7396 0.0
7396 0.0
7396 0.0
7347 0.0
7342 0.0
7333 0.0
7329 0.0
7326 0.0
7320 0.0
7267 0.0
7267 15.625476837158203
7263 0.0
7263 0.0
7263 0.0
7253 0.0
7253 0.0
7252 0.0
7252 0.0
7252 0.0
7251 0.0
7251 0.0
7251 0.0
7251 0.0
7251 0.0
7251 0.0
7250 0.0
7250 0.0
7245 0.0
7242 0.0
7242 0.0
7227 0.0
7227 0.0
7218 0.0
7218 0.0
7218 0.0
7218 0.0
7217 0.0
7183 15.626668930053711
7183 0.0
7183 0.0
7183 0.0
7170 0.0
7170 0.0
7161 0.0
7136 0.0
7119 0.0
7104 0.0
7103 0.0
7103 0.0
7103 0.0
7098 0.0
7087 0.0
7087 0.0
7067 0.0
7067 0.0
7041 0.0
7041 0.0
7030 0.0
7030 0.0
7030 0.0
7030 0.0
7030 0.0
7030 0.0
7030 15.626668930053711
6993 0.0
6993 0.0
6993 0.0
6993 0.0
6987 0.0
6959 0.0
6959 0.0
6959 0.0
6929 0.0
6926 0.0
6896 0.0
6877 0.0
6843 0.0
6843 0.0
6843 0.0
6843 0.0
6843 0.0
6820 0.0
6820 0.0
6820 0.0
6814 0.0
6811 0.0
6811 0.0
6811 0.0
6811 0.0
6799 15.628337860107422
6769 0.0
6769 0.0
6769 0.0
6724 0.0
6724 0.0
6707 0.0
6687 0.0
6644 0.0
6640 0.0
6640 0.0
6633 0.0
6629 0.0
6620 0.0
6615 0.0
6615 0.0
6592 0.0
6591 0.0
6591 0.0
6582 0.0
6573 0.0
6573 0.0
6573 0.0
6564 0.0
6558 0.0
6558 0.0
6532 15.625953674316406
6509 0.0
6509 0.0
6509 0.0
6509 0.0
6509 0.0
6503 0.0
6486 0.0
6486 0.0
6424 0.0
6401 0.0
6401 0.0
6376 0.0
6376 0.0
6376 0.0
6376 0.0
6376 0.0
6376 0.0
6376 0.0
6361 0.0
6349 0.0
6349 0.0
6349 0.0
6349 0.0
6299 0.0
6299 0.0
6299 15.626192092895508
6291 0.0
6291 0.0
6279 0.0
6279 0.0
6248 0.0
6248 0.0
6248 0.0
6248 0.0
6248 0.0
6220 0.0
6220 0.0
6220 0.0
6219 0.0
6199 0.0
6199 0.0
6199 0.0
6199 0.0
6196 0.0
6191 0.0
6191 0.0
6174 0.0
6174 0.0
6168 0.0
6158 0.0
6122 15.628576278686523
6122 0.0
6122 0.0
6114 0.0
6079 0.0
6046 0.0
6026 0.0
6016 0.0
6014 0.0
6014 0.0
6014 0.0
6012 0.0
6010 0.0
6010 0.0
6009 0.0
6008 0.0
6008 0.0
6008 0.0
6008 0.0
6008 0.0
6006 0.0
6006 0.0
6006 0.0
6006 0.0
6006 0.0
6006 15.613079071044922
6006 0.0
6006 0.0
6005 0.0
5999 0.0
5999 0.0
5999 0.0
5999 0.0
5989 0.0
5978 0.0
5978 0.0
5977 0.0
5973 0.0
5973 0.0
5972 0.0
5972 0.0
5964 0.0
5964 0.0
5961 0.0
5961 0.0
5961 0.0
5949 0.0
5921 0.0
5921 0.0
5921 0.0
5891 0.0
5891 15.640020370483398
5891 0.0
5891 0.0
5856 0.0
5856 0.0
5856 0.0
5856 0.0
5856 0.0
5856 0.0
5856 0.0
5856 0.0
5856 0.0
5856 0.0
5854 0.0
5854 0.0
5854 0.0
5839 0.0
5821 0.0
5808 0.0
5782 0.0
5782 0.0
5780 0.0
5780 0.0
5750 0.0
5750 0.0
5750 0.0
5750 15.625476837158203
5736 0.0
5727 0.0
5727 0.0
5727 0.0
5727 0.0
5727 0.0
5712 0.0
5712 0.0
5712 0.0
5712 0.0
5712 0.0
5712 0.0
5694 0.0
5673 0.0
5673 0.0
5668 0.0
5657 0.0
5657 0.0
5637 0.0
5631 0.0
5631 0.0
5629 0.0
5624 0.0
5624 0.0
5624 0.0
5624 15.626668930053711
5624 0.0
5600 0.0
5590 0.0
5590 0.0
5590 0.0
5590 0.0
5562 0.0
5562 0.0
5562 0.0
5562 0.0
5562 0.0
5551 0.0
5551 0.0
5548 0.0
5548 0.0
5548 0.0
5537 0.0
5537 0.0
5537 0.0
5537 0.0
5537 0.0
5537 0.0
5537 0.0
5537 0.0
5537 0.0
5532 15.626907348632812
5532 0.0
5524 0.0
5524 0.0
5524 0.0
5524 0.0
5515 0.0
5509 0.0
5509 0.0
5509 0.0
5509 0.0
5498 0.0
5498 0.0
5497 0.0
5476 0.0
5476 0.0
5474 0.0
5451 0.0
5451 0.0
5451 0.0
5438 0.0
5438 0.0
5427 0.0
5427 0.0
5427 0.0
5427 0.0
5427 15.627384185791016
5421 0.0
5421 0.0
5421 0.0
5421 0.0
5413 0.0
5413 0.0
5413 0.0
5406 0.0
5406 0.0
5406 0.0
5406 0.0
5379 0.0
5379 0.0
5379 0.0
5363 0.0
5363 0.0
5302 0.0
5302 0.0
5302 0.0
5302 0.0
5302 0.0
5302 0.0
5302 0.0
5302 15.630722045898438
5302 0.0
5302 0.0
5302 0.0
5302 0.0
5284 0.0
5284 0.0
5283 0.0
5283 0.0
5283 0.0
5271 0.0
5271 0.0
5271 0.0
5271 0.0
5271 0.0
5267 0.0
5267 0.0
5195 0.0
5195 0.0
5195 0.0
5195 0.0
5195 0.0
5195 0.0
5195 0.0
5195 0.0
5195 15.622615814208984
5195 0.0
5195 0.0
5195 0.0
5195 0.0
5195 0.0
5195 0.0
5195 0.0
5186 0.0
5186 0.0
5186 0.0
5186 0.0
5186 0.0
5186 0.0
5186 0.0
5186 0.0
5179 0.0
5179 0.0
5174 0.0
5155 0.0
5155 0.0
5155 0.0
5146 0.0
5146 0.0
5108 0.0
5108 0.0
5108 15.62643051147461
5103 0.0
5096 0.0
5096 0.0
5062 0.0
5060 0.0
5060 0.0
5060 0.0
5055 0.0
5055 0.0
5055 0.0
5050 0.0
5050 0.0
5050 0.0
5050 0.0
5050 0.0
5050 0.0
5050 0.0
5050 0.0
5050 0.0
5050 0.0
5050 0.0
5050 0.0
5050 0.0
5050 0.0
5050 0.0
5050 15.626668930053711
5050 0.0
5039 0.0
5039 0.0
5031 0.0
5022 0.0
4999 0.0
4999 0.0
4999 0.0
4999 0.0
4973 0.0
4973 0.0
4962 0.0
4962 0.0
4962 0.0
4962 0.0
4962 0.0
4962 0.0
4962 0.0
4962 0.0
4962 0.0
4958 0.0
4941 0.0
4941 0.0
4941 0.0
4941 15.62643051147461
4934 0.0
4934 0.0
4934 0.0
4934 0.0
4919 0.0
4918 0.0
4918 0.0
4918 0.0
4914 0.0
4914 0.0
4879 0.0
4869 0.0
4869 0.0
4869 0.0
4869 0.0
4869 0.0
4869 0.0
4869 0.0
4840 0.0
4840 0.0
4820 0.0
4817 0.0
4817 0.0
4817 0.0
4817 0.0
4817 15.627622604370117
4817 0.0
4804 0.0
4801 0.0
4801 0.0
4794 0.0
4794 0.0
4789 0.0
4789 0.0
4789 0.0
4789 0.0
4785 0.0
4785 0.0
4767 0.0
4767 0.0
4765 0.0
4765 0.0
4765 0.0
4765 0.0
4765 0.0
4765 0.0
4763 0.0
4749 0.0
4749 0.0
4744 0.0
4744 15.626192092895508
4744 0.0
4731 0.0
4731 0.0
4731 0.0
4731 0.0
4730 0.0
4730 0.0
4728 0.0
4723 0.0
4723 0.0
4723 0.0
4699 0.0
4699 0.0
4699 0.0
4699 0.0
4699 0.0
4699 0.0
4699 0.0
4699 0.0
4699 0.0
4699 0.0
4699 0.0
4688 0.0
4680 0.0
4680 15.626907348632812
4667 0.0
4664 0.0
4660 0.0
4660 0.0
4642 0.0
4642 0.0
4642 0.0
4642 0.0
4642 0.0
4634 0.0
4632 0.0
4618 0.0
4618 0.0
4616 0.0
4609 0.0
4609 0.0
4599 0.0
4599 0.0
4599 0.0
4599 0.0
4594 0.0
4594 0.0
4586 0.0
4579 0.0
4579 15.626907348632812
4579 0.0
4579 0.0
4579 0.0
4579 0.0
4558 0.0
4558 0.0
4558 0.0
4558 0.0
4558 0.0
4541 0.0
4541 0.0
4541 0.0
4541 0.0
4541 0.0
4541 0.0
4541 0.0
4541 0.0
4539 0.0
4539 0.0
4539 0.0
4524 0.0
4503 0.0
4478 0.0
4478 0.0
4478 15.62643051147461
4459 0.0
4459 0.0
4459 0.0
4459 0.0
4459 0.0
4452 0.0
4450 0.0
4450 0.0
4450 0.0
4449 0.0
4449 0.0
4449 0.0
4449 0.0
4417 0.0
4417 0.0
4417 0.0
4417 0.0
4417 0.0
4417 0.0
4417 0.0
4417 0.0
4417 0.0
4417 0.0
4417 0.0
4405 0.0
4405 15.626192092895508
4405 0.0
4405 0.0
4405 0.0
4405 0.0
4405 0.0
4405 0.0
4404 0.0
4404 0.0
4404 0.0
4404 0.0
4404 0.0
4404 0.0
4404 0.0
4404 0.0
4404 0.0
4404 0.0
4398 0.0
4394 0.0
4394 0.0
4394 0.0
4394 0.0
4394 0.0
4394 0.0
4394 0.0
4394 15.627145767211914
4394 0.35643577575683594
4394 1.085042953491211
4394 0.0
4382 0.0
4382 0.0
4382 0.0
4382 0.0
4379 0.0
4379 0.0
4379 0.0
4379 0.0
4379 0.0
4379 0.0
4379 0.0
4379 0.0
4379 0.0
4379 0.0
4379 0.0
4379 0.0
4379 0.0
4379 0.0
4371 0.0
4371 0.0
4371 0.0
4371 0.0
4371 0.0
4363 0.0
4363 15.626907348632812
4363 0.0
4363 0.0
4363 0.0
4363 0.0
4363 0.0
4363 0.0
4363 0.0
4363 0.0
4360 0.0
4360 0.0
4355 0.0
4355 0.0
4352 0.0
4352 0.0
4352 0.0
4352 0.0
4343 0.0
4337 0.0
4334 0.0
4334 0.0
4334 0.0
4320 0.0
4320 0.0
4320 0.0
4320 15.626668930053711
4320 0.0
4320 0.0
4320 0.0
4316 0.0
4316 0.0
4316 0.0
4316 0.0
4316 0.0
4316 0.0
4316 0.0
4316 0.0
4308 0.0
4305 0.0
4298 0.0
4267 0.0
4267 0.0
4267 0.0
4267 0.0
4267 0.0
4267 0.0
4267 0.0
4267 0.0
4262 15.626907348632812
4262 0.0
4255 0.0
4255 0.0
4255 0.0
4240 0.0
4240 0.0
4240 0.0
4240 0.0
4240 0.0
4240 0.0
4240 0.0
4240 0.0
4239 0.0
4239 0.0
4239 0.0
4239 0.0
4239 0.0
4239 0.0
4239 0.0
4239 0.0
4239 0.0
4239 0.0
4239 0.0
4217 0.0
4217 0.0
4217 15.62643051147461
4210 0.0
4205 0.0
4191 0.0
4167 0.0
4167 0.0
4167 0.0
4167 0.0
4167 0.0
4166 0.0
4166 0.0
4166 0.0
4166 0.0
4166 0.0
4160 0.0
4160 0.0
4160 0.0
4160 0.0
4160 0.0
4160 0.0
4160 0.0
4160 0.0
4160 0.0
4160 0.0
4160 0.0
4160 0.0
4160 15.627145767211914
4160 0.0
4157 0.0
4157 0.0
4157 0.0
4132 0.0
4124 0.0
4124 0.0
4124 0.0
4124 0.0
4123 0.0
4119 0.0
4118 0.0
4118 0.0
4118 0.0
4118 0.0
4118 0.0
4118 0.0
4118 0.0
4118 0.0
4118 0.0
4118 0.0
4118 0.0
4118 0.0
4118 0.0
4118 15.626668930053711
4116 0.0
4104 0.0
4104 0.0
4104 0.0
4104 0.0
4104 0.0
4104 0.0
4104 0.0
4104 0.0
4104 0.0
4104 0.0
4104 0.0
4092 0.0
4092 0.0
4092 0.0
4049 0.0
4049 0.0
4049 0.0
4049 0.0
4049 0.0
4049 0.0
4036 0.0
4036 0.0
4036 0.0
4036 15.626668930053711
4031 0.0
4010 0.0
4010 0.0
4010 0.0
3976 0.0
3975 0.0
3975 0.0
3975 0.0
3975 0.0
3970 0.0
3970 0.0
3970 0.0
3955 0.0
3955 0.0
3955 0.0
3945 0.0
3945 0.0
3945 0.0
3945 0.0
3938 0.0
3938 0.0
3936 0.0
3936 0.0
3933 0.0
3910 15.627145767211914
3910 0.0
3890 0.0
3890 0.0
3878 0.0
3878 0.0
3862 0.0
3851 0.0
3851 0.0
3851 0.0
3851 0.0
3851 0.0
3851 0.0
3851 0.0
3851 0.0
3851 0.0
3851 0.0
3844 0.0
3844 0.0
3844 0.0
3844 0.0
3844 0.0
