298644 446.34389877319336
298624 31.175851821899414
298605 15.629053115844727
298576 31.2502384185791
298576 15.628337860107422
298556 31.25476837158203
298498 31.254291534423828
298498 15.624761581420898
298498 31.25166893005371
298485 22.662878036499023
298462 15.664815902709961
298448 31.24833106994629
298448 31.253337860107422
298445 15.628576278686523
298442 31.250715255737305
298436 15.626907348632812
298436 31.255006790161133
298428 15.626668930053711
298428 31.248092651367188
298420 31.25786781311035
298420 15.627861022949219
298399 31.254291534423828
298399 15.625
298395 31.250476837158203
298395 15.62952995300293
298373 15.615224838256836
298368 31.265735626220703
298368 15.625953674316406
298359 15.658855438232422
298350 15.62643051147461
298350 15.604257583618164
298350 31.255483627319336
298339 15.62643051147461
298333 31.258344650268555
298333 15.61880111694336
298298 31.252622604370117
298281 15.624761581420898
298265 31.255245208740234
298246 15.628337860107422
298229 31.254053115844727
298208 15.594720840454102
298189 15.613555908203125
298174 31.22115135192871
298166 15.659809112548828
298166 31.253337860107422
298165 24.85346794128418
298165 23.061037063598633
298162 15.158891677856445
298154 32.93800354003906
298154 15.659570693969727
298134 26.970863342285156
298096 31.28671646118164
298096 15.628337860107422
298085 46.88072204589844
298021 15.623807907104492
297978 31.253576278686523
297978 15.627861022949219
297977 31.255006790161133
297977 15.622377395629883
297977 31.256437301635742
297925 15.626192092895508
297919 31.253337860107422
297919 15.631914138793945
297912 31.249284744262695
297912 15.630960464477539
297912 31.247854232788086
297912 15.627622604370117
297912 31.243324279785156
297885 15.642642974853516
297885 31.248092651367188
297885 15.645265579223633
297885 31.238079071044922
297848 15.623092651367188
297848 31.253814697265625
297845 31.25452995300293
297845 15.625
297806 31.254053115844727
297754 15.627861022949219
297754 31.25166893005371
297754 15.630483627319336
297700 31.250953674316406
297700 15.627384185791016
297691 31.252622604370117
297637 15.63262939453125
297614 31.247377395629883
297603 15.627145767211914
297594 31.253576278686523
297593 15.625953674316406
297593 31.250953674316406
297584 15.630245208740234
297580 31.254291534423828
297580 15.625715255737305
297580 31.25143051147461
297580 15.630006790161133
297567 31.252622604370117
297567 15.62643051147461
297567 31.253337860107422
297566 15.626668930053711
297566 31.253576278686523
297488 31.258344650268555
297488 15.615463256835938
297465 31.266450881958008
297446 15.620946884155273
297441 31.25286102294922
297441 15.628337860107422
297436 31.25286102294922
297435 15.627145767211914
297390 15.625715255737305
297390 31.25286102294922
297363 15.627622604370117
297335 31.250953674316406
297319 15.631675720214844
297312 62.50262260437012
297234 15.626907348632812
297229 31.254291534423828
297164 15.627861022949219
297164 31.221628189086914
297144 15.626668930053711
297137 31.253337860107422
297137 31.26382827758789
297131 15.61737060546875
297131 31.253576278686523
297131 15.62643051147461
297129 31.25309944152832
297117 15.627384185791016
297117 31.284809112548828
297115 15.626192092895508
297115 31.254053115844727
297115 31.252384185791016
297115 15.627145767211914
297042 31.258106231689453
297024 15.623092651367188
297024 31.252145767211914
297024 15.627145767211914
297024 31.253814697265625
296995 15.627622604370117
296995 31.252622604370117
296991 15.627622604370117
296991 31.254053115844727
296948 15.625715255737305
296948 31.258344650268555
296948 15.622615814208984
296917 31.253576278686523
296915 15.629053115844727
296915 31.24856948852539
296885 15.630245208740234
296885 31.25143051147461
296885 15.627145767211914
296872 31.253814697265625
296872 15.630006790161133
296806 31.250953674316406
296749 15.625
296749 31.254291534423828
296727 31.255006790161133
296710 31.25309944152832
296710 15.625
296710 31.255245208740234
296627 15.625476837158203
296622 31.254053115844727
296622 15.625953674316406
296610 31.253814697265625
296555 15.624523162841797
296555 31.256437301635742
296553 15.625953674316406
296538 31.223773956298828
296518 31.283140182495117
296506 15.628337860107422
296470 31.252384185791016
296458 15.627622604370117
296452 31.25143051147461
296414 15.628814697265625
296414 31.250476837158203
296414 15.63119888305664
296414 31.252622604370117
296393 17.199277877807617
296393 31.285524368286133
296393 15.628337860107422
296393 31.25309944152832
296392 15.630245208740234
296389 31.2497615814209
296382 15.632152557373047
296382 31.25476837158203
296377 15.621185302734375
296377 31.25309944152832
296353 15.627622604370117
296353 31.254053115844727
296353 15.626192092895508
296353 31.25143051147461
296353 15.627622604370117
296315 31.25286102294922
296308 15.627384185791016
296308 31.256914138793945
296295 15.624046325683594
296282 31.25619888305664
296282 15.624761581420898
296282 31.253576278686523
296272 15.62952995300293
296272 31.2497615814209
296264 15.627145767211914
296245 31.255483627319336
296245 15.624523162841797
296245 31.252384185791016
296238 15.630960464477539
296226 31.2497615814209
296226 15.630722045898438
296142 31.250715255737305
296142 15.627145767211914
296103 31.253337860107422
296073 15.627145767211914
296073 31.252622604370117
296073 15.630245208740234
296073 31.25
296062 15.627384185791016
296062 31.252384185791016
296031 15.626668930053711
296019 31.255245208740234
295998 15.626907348632812
295998 31.25476837158203
295942 15.623807907104492
295942 31.253814697265625
295937 15.627622604370117
295925 31.253337860107422
295873 15.625953674316406
295873 31.256437301635742
295786 15.62356948852539
295786 15.629768371582031
295786 31.25143051147461
295781 15.626907348632812
295730 31.253337860107422
295730 15.627622604370117
295730 62.47234344482422
295730 31.253576278686523
295730 15.627145767211914
295719 31.25309944152832
295706 15.627861022949219
295706 31.25286102294922
295700 15.627145767211914
295700 31.253337860107422
295700 15.627145767211914
295700 31.252622604370117
295700 15.627384185791016
295681 15.614748001098633
295675 31.25286102294922
295675 15.626907348632812
295664 31.253576278686523
295635 15.627145767211914
295635 31.253337860107422
295626 15.627145767211914
295610 31.25309944152832
295586 15.626668930053711
295581 31.253576278686523
295557 15.62809944152832
295546 31.252145767211914
295546 15.627622604370117
295546 31.253337860107422
295527 15.626668930053711
295522 31.253814697265625
295492 31.253576278686523
295489 15.627145767211914
295477 15.62643051147461
295447 15.626907348632812
295406 15.626668930053711
295406 31.253576278686523
295395 15.625476837158203
295388 31.254291534423828
295377 15.627145767211914
295357 15.626668930053711
295338 15.626907348632812
295301 31.25309944152832
295292 15.627622604370117
295292 31.252384185791016
295292 31.254291534423828
295292 15.627145767211914
295222 31.252622604370117
295222 15.627861022949219
295222 31.25286102294922
295136 15.627145767211914
295101 31.253337860107422
295101 15.626907348632812
295084 31.253576278686523
295084 15.62643051147461
295084 31.253576278686523
295064 15.62643051147461
295064 31.253337860107422
295064 15.627145767211914
295064 31.253576278686523
295021 15.626668930053711
294994 31.254053115844727
294978 15.62643051147461
294967 31.253576278686523
294929 15.626192092895508
294920 31.254291534423828
294920 15.625953674316406
294920 31.25452995300293
294904 15.626192092895508
294904 15.62643051147461
294904 31.253337860107422
294904 15.627145767211914
294884 31.253576278686523
294884 15.627384185791016
294884 31.25286102294922
294875 15.627622604370117
294875 31.252145767211914
294864 15.62809944152832
294864 31.252145767211914
294864 15.62809944152832
294846 31.252145767211914
294778 15.627622604370117
294778 31.253576278686523
294778 15.626668930053711
294727 31.254053115844727
294683 15.62643051147461
294667 31.25286102294922
294630 15.627145767211914
294590 31.253814697265625
294590 15.626192092895508
294554 15.626192092895508
294532 15.627384185791016
294511 15.626192092895508
294511 15.627145767211914
294511 15.627384185791016
294511 31.25309944152832
294500 15.627861022949219
294489 31.252145767211914
294489 15.627384185791016
294489 31.25309944152832
294479 15.627145767211914
294474 31.25309944152832
294456 15.626668930053711
294456 31.255483627319336
294423 15.626192092895508
294418 31.253337860107422
294397 15.626907348632812
294397 31.25309944152832
294397 15.626907348632812
294397 31.25309944152832
294397 15.626668930053711
294397 31.253337860107422
294372 15.627145767211914
294357 31.253576278686523
294357 15.626668930053711
294347 31.253576278686523
294347 15.62643051147461
294347 31.253576278686523
294306 15.627622604370117
294290 31.25309944152832
294281 15.627384185791016
294268 31.252145767211914
294268 46.88000679016113
294268 31.253814697265625
294230 15.626907348632812
294230 31.253576278686523
294219 31.25309944152832
294166 15.627145767211914
294155 31.25452995300293
294145 15.626907348632812
294111 31.253337860107422
294111 15.626668930053711
294042 31.253337860107422
294042 15.628337860107422
294042 31.25309944152832
294042 31.252622604370117
294033 15.627622604370117
294033 31.25309944152832
293949 15.627145767211914
293899 31.252622604370117
293899 15.627145767211914
293899 31.25309944152832
293852 15.626907348632812
293837 31.25452995300293
293837 15.627145767211914
293837 31.252622604370117
293793 15.626907348632812
293793 15.626668930053711
293793 15.627145767211914
293793 31.251907348632812
293793 15.627622604370117
293788 15.626907348632812
293788 15.626907348632812
293788 15.626668930053711
293788 15.628814697265625
293750 13.103485107421875
293702 31.255483627319336
293661 15.627384185791016
293657 31.25286102294922
293598 15.62643051147461
293593 31.253337860107422
293559 15.627384185791016
293539 31.25286102294922
293539 15.629053115844727
293539 31.252622604370117
293502 15.627622604370117
293478 32.77850151062012
293478 15.62643051147461
293478 31.253337860107422
293478 15.627145767211914
293474 31.25286102294922
293464 15.66314697265625
293458 31.251192092895508
293440 15.625953674316406
293440 31.25286102294922
293434 15.631437301635742
293423 15.626192092895508
293423 31.252622604370117
293423 15.62809944152832
293409 31.25309944152832
293409 15.627384185791016
293409 31.251907348632812
293409 15.62809944152832
293390 31.252622604370117
293390 15.627861022949219
293383 31.253337860107422
293341 15.627384185791016
293341 31.256675720214844
293338 15.622854232788086
293325 31.25309944152832
293319 15.627145767211914
293304 31.252384185791016
293289 15.627384185791016
293285 31.253337860107422
293278 15.627622604370117
293278 31.253576278686523
293278 15.627145767211914
293270 31.253814697265625
293257 15.625476837158203
293237 31.253337860107422
293237 15.627861022949219
293210 31.252622604370117
293195 15.626668930053711
293195 31.25309944152832
293195 15.627384185791016
293189 31.25309944152832
293189 31.255483627319336
293189 15.624284744262695
293189 31.253576278686523
293112 15.626907348632812
293085 31.253576278686523
293085 15.631675720214844
293075 31.249046325683594
293045 15.627145767211914
293045 31.25286102294922
292994 15.626668930053711
292992 31.253814697265625
292992 15.626668930053711
292942 31.260251998901367
292942 15.621185302734375
292942 31.253576278686523
292930 15.626668930053711
292930 31.252145767211914
292900 15.636205673217773
292827 31.244277954101562
292827 15.626668930053711
292827 31.25452995300293
292796 15.626907348632812
292709 31.253814697265625
292709 15.627622604370117
292709 15.623092651367188
292699 31.254291534423828
292678 15.626668930053711
292673 31.253814697265625
292627 15.626192092895508
292619 31.253814697265625
292617 15.62809944152832
292617 31.25596046447754
292607 15.624523162841797
292607 31.253337860107422
292549 46.84638977050781
292522 31.286001205444336
292522 15.625953674316406
292462 31.254053115844727
292419 31.253337860107422
292419 15.627861022949219
292412 31.252384185791016
292412 15.627861022949219
292408 31.254291534423828
292408 15.625715255737305
292387 31.254053115844727
292387 15.627145767211914
292363 31.251907348632812
292363 15.627384185791016
292363 31.253337860107422
292331 31.254291534423828
292331 15.626192092895508
292331 31.252622604370117
292311 15.62952995300293
292305 31.250953674316406
292305 31.253576278686523
292305 15.627861022949219
292299 31.254053115844727
292270 15.625238418579102
292248 31.253576278686523
292248 15.627861022949219
292248 31.25286102294922
292227 15.627861022949219
292227 15.625715255737305
292219 31.253337860107422
292198 15.627622604370117
292102 31.25286102294922
292102 15.628576278686523
292102 31.25762939453125
292102 15.622377395629883
292102 31.25166893005371
292097 15.627861022949219
292097 31.255006790161133
292079 15.625715255737305
292079 31.255245208740234
292079 31.25166893005371
292055 15.627622604370117
292055 31.253337860107422
292035 15.626668930053711
292023 31.252384185791016
292023 15.625715255737305
292017 31.25476837158203
292000 15.63119888305664
292000 31.227588653564453
292000 15.650272369384766
292000 31.252145767211914
292000 15.628814697265625
292000 31.25476837158203
291994 15.624523162841797
291994 31.251907348632812
291994 15.627384185791016
291991 31.252622604370117
291991 15.626907348632812
291966 31.253814697265625
291953 15.625953674316406
291953 31.25619888305664
291936 31.251907348632812
291933 15.626907348632812
291933 15.628814697265625
291870 15.627384185791016
291870 15.626668930053711
291858 15.626668930053711
291858 15.626668930053711
291858 15.631914138793945
291858 31.25
291858 15.625
291801 31.220674514770508
291801 15.659809112548828
291788 31.253576278686523
291761 15.62809944152832
291760 31.255722045898438
291760 15.623092651367188
291760 31.253337860107422
291760 15.627145767211914
291754 31.253576278686523
291754 15.62809944152832
291718 31.258821487426758
291711 15.623807907104492
291704 31.2497615814209
291704 15.628814697265625
291704 31.25166893005371
291704 15.627384185791016
291692 34.08980369567871
291643 15.661239624023438
291640 31.25286102294922
291640 15.625715255737305
291640 31.26049041748047
291640 31.24523162841797
291633 15.631914138793945
291633 31.24856948852539
291607 15.629291534423828
291589 31.25166893005371
291589 15.626907348632812
291589 31.253576278686523
291589 15.626907348632812
291588 31.253576278686523
291565 15.629768371582031
291514 31.2502384185791
291512 15.627622604370117
291494 31.253337860107422
291482 15.62809944152832
291476 31.252622604370117
291476 15.626192092895508
291459 31.253814697265625
291459 15.626907348632812
291459 31.25309944152832
291445 15.62643051147461
291445 31.25286102294922
291445 15.627384185791016
291445 31.253814697265625
291429 15.628814697265625
291429 31.25166893005371
291429 15.626668930053711
291429 62.505245208740234
291429 31.255722045898438
291429 15.625953674316406
291429 35.625457763671875
291429 21.93617820739746
291429 15.634775161743164
291427 31.246423721313477
291411 31.252384185791016
291411 15.627861022949219
291392 31.251907348632812
291337 15.626668930053711
291333 31.255722045898438
291321 15.626668930053711
291320 31.255006790161133
291320 31.250953674316406
291313 15.629053115844727
291313 31.250715255737305
291313 15.628814697265625
291305 31.252384185791016
291244 15.626668930053711
291244 31.253337860107422
291237 15.627145767211914
291227 31.252622604370117
291227 15.633106231689453
291184 17.28343963623047
291158 15.627384185791016
291142 15.626668930053711
291142 15.627622604370117
291142 15.62809944152832
291132 31.251907348632812
291132 15.62809944152832
291132 31.255006790161133
291123 15.624523162841797
291063 31.253814697265625
291040 15.629768371582031
291040 31.25166893005371
291040 15.625
291040 34.6066951751709
291022 16.783714294433594
290992 15.625
290992 15.625476837158203
290992 15.630960464477539
290992 15.62643051147461
290989 31.25286102294922
290974 15.62809944152832
290974 24.785518646240234
290962 31.290054321289062
290950 15.628337860107422
290950 31.249523162841797
290948 15.624523162841797
290948 31.255245208740234
290948 15.625715255737305
290948 31.253337860107422
290948 15.630006790161133
290948 31.25
290948 15.629291534423828
290907 15.630245208740234
290894 31.249523162841797
290894 15.626192092895508
290891 31.253814697265625
290840 15.625715255737305
290840 31.254053115844727
290838 15.595674514770508
290838 31.253337860107422
290838 15.626192092895508
290805 31.25452995300293
290780 15.626192092895508
290780 15.62643051147461
290780 31.253576278686523
290780 15.626907348632812
290780 31.252622604370117
290780 15.627384185791016
290766 31.25309944152832
290762 15.62643051147461
290710 31.253814697265625
290701 15.626668930053711
290701 31.254053115844727
290698 15.625953674316406
290651 31.255006790161133
290651 15.625
290643 31.254291534423828
290643 17.070770263671875
290643 31.25476837158203
290624 15.627145767211914
290624 31.25309944152832
290624 15.626907348632812
290571 31.253576278686523
290558 31.253576278686523
290558 15.626907348632812
290558 31.253337860107422
290558 15.626907348632812
290558 31.25286102294922
290497 15.627384185791016
290485 31.25286102294922
290473 15.626907348632812
290467 31.25309944152832
290467 15.627622604370117
290442 31.253576278686523
290439 15.626907348632812
290431 31.253814697265625
290424 15.62643051147461
290424 31.254053115844727
290401 15.626192092895508
290393 31.253814697265625
290390 15.625715255737305
290349 31.254053115844727
290316 15.626668930053711
290316 31.253814697265625
290316 31.253337860107422
290240 15.626668930053711
290237 31.253576278686523
290176 15.627145767211914
290162 31.252384185791016
290152 15.627861022949219
290147 31.253576278686523
290120 15.62643051147461
290120 31.253576278686523
290111 15.626907348632812
290079 46.87857627868652
290079 31.253814697265625
290066 26.95155143737793
290055 19.156694412231445
290055 15.627622604370117
290055 31.25286102294922
290055 15.627384185791016
290055 15.626907348632812
290055 31.253814697265625
290055 15.626907348632812
290035 31.253337860107422
289989 15.626907348632812
289989 31.253337860107422
289989 15.626907348632812
289989 31.253576278686523
289988 31.253337860107422
289988 15.626668930053711
289967 31.253337860107422
289945 15.627145767211914
289935 31.25286102294922
289906 15.627861022949219
289859 31.253814697265625
289859 15.625953674316406
289853 31.254291534423828
289853 15.62643051147461
289853 31.253337860107422
289834 30.91740608215332
289834 17.77052879333496
289834 15.628337860107422
289808 31.253337860107422
289801 31.255245208740234
289788 15.625715255737305
289788 31.25739097595215
289777 15.623331069946289
289755 31.253337860107422
289755 15.627145767211914
289742 31.253337860107422
289742 15.625953674316406
289742 31.253576278686523
289692 15.626907348632812
289692 31.272411346435547
289685 15.608072280883789
289685 31.255483627319336
289685 15.624761581420898
289685 31.255006790161133
289685 15.625953674316406
289685 31.252622604370117
289685 15.627622604370117
289666 31.25166893005371
289647 15.62809944152832
289647 37.68777847290039
289647 19.24443244934082
289647 15.629291534423828
289647 31.2502384185791
289647 15.627384185791016
289647 31.25309944152832
289623 15.626192092895508
289622 31.253576278686523
289622 15.628576278686523
289618 31.25309944152832
289618 31.255006790161133
289606 15.625953674316406
289606 31.254291534423828
289606 15.625476837158203
289598 31.25143051147461
289561 15.630722045898438
289493 31.249284744262695
289484 15.629768371582031
289484 31.253814697265625
289477 15.625715255737305
289461 31.25286102294922
289461 15.630245208740234
289461 31.250476837158203
289461 15.629768371582031
289461 31.25
289461 15.627145767211914
289461 31.252384185791016
289458 15.62809944152832
289458 15.62643051147461
289433 31.255245208740234
289433 15.625476837158203
289433 31.256437301635742
289433 15.624046325683594
289411 31.25596046447754
289411 15.626668930053711
289406 31.250715255737305
289361 15.62952995300293
289361 31.250953674316406
289361 15.627145767211914
289328 31.255006790161133
289328 15.626192092895508
289328 31.258583068847656
289328 15.625
289301 31.24547004699707
289301 15.634536743164062
289301 15.621185302734375
289273 31.25762939453125
289273 15.623092651367188
289273 31.253814697265625
289273 15.626668930053711
289273 31.254291534423828
289261 15.626907348632812
289261 31.25619888305664
289261 15.624761581420898
289250 31.255722045898438
289250 15.622854232788086
289250 31.253337860107422
289228 15.629291534423828
289228 31.250953674316406
289186 15.626668930053711
289186 31.256437301635742
289186 15.624523162841797
289177 31.253814697265625
289113 31.25143051147461
289070 15.629291534423828
289046 31.25309944152832
289046 15.626192092895508
289045 31.25739097595215
289045 46.87237739562988
289040 31.259536743164062
289009 15.624761581420898
289000 32.8676700592041
289000 15.661001205444336
288965 31.252145767211914
288961 15.632867813110352
288953 15.626668930053711
288953 31.253576278686523
288953 15.627861022949219
288946 31.253576278686523
288946 15.626192092895508
288946 31.250476837158203
288940 15.629768371582031
288940 31.26382827758789
288928 31.239032745361328
288922 15.631437301635742
288922 31.25309944152832
288895 15.62809944152832
288883 31.252384185791016
288879 15.630722045898438
288879 31.249046325683594
288879 15.626668930053711
288843 31.25452995300293
288773 31.25286102294922
288773 15.628814697265625
288773 31.251192092895508
288773 15.594959259033203
288773 31.286001205444336
288734 15.626668930053711
288728 31.25
288728 15.630483627319336
288728 31.253814697265625
288679 15.630245208740234
288679 31.253576278686523
288643 15.625
288643 31.25286102294922
288643 15.626668930053711
288595 31.251907348632812
288552 15.627145767211914
288522 31.254053115844727
288513 15.62809944152832
288510 31.250953674316406
288510 15.626668930053711
288510 15.625476837158203
288508 31.252384185791016
288496 15.627145767211914
288492 31.252622604370117
288492 15.626192092895508
288479 31.255483627319336
288479 15.625715255737305
288479 31.256675720214844
288479 15.623331069946289
288479 31.25476837158203
288438 15.62809944152832
288438 31.25286102294922
288438 15.626668930053711
288437 31.2502384185791
288437 31.263351440429688
288388 15.620708465576172
288382 31.251192092895508
288371 15.628337860107422
288343 31.252384185791016
288343 15.626668930053711
288343 31.25166893005371
288343 15.628576278686523
288343 31.255006790161133
288311 15.626907348632812
288305 31.253576278686523
288305 15.625715255737305
288270 31.253576278686523
288235 15.625953674316406
288228 31.251192092895508
288228 15.630245208740234
288223 31.256675720214844
288223 15.619993209838867
288205 31.256675720214844
288202 31.253576278686523
288193 15.627861022949219
288114 31.251192092895508
288114 15.629291534423828
288111 31.251907348632812
288111 15.627384185791016
288106 31.252622604370117
288106 15.626907348632812
288106 31.25143051147461
288102 15.629053115844727
288102 31.22544288635254
288081 15.655040740966797
288081 31.253337860107422
288081 15.626907348632812
288067 31.253814697265625
288067 15.627384185791016
288067 15.624523162841797
288062 31.255245208740234
288055 15.626192092895508
288053 31.255245208740234
288009 15.627622604370117
288009 31.253576278686523
288006 15.621185302734375
288006 31.258344650268555
288006 15.626192092895508
287976 31.253576278686523
287976 15.627861022949219
287976 31.251907348632812
287976 15.62643051147461
287976 31.250953674316406
287952 15.630006790161133
287921 15.628814697265625
287921 31.252145767211914
287841 15.627384185791016
287828 31.25166893005371
287823 15.628337860107422
287823 31.252145767211914
287794 15.625
287794 31.255245208740234
287794 15.596389770507812
287794 31.25309944152832
287757 46.87929153442383
287757 31.254291534423828
287757 31.25309944152832
287757 15.626907348632812
287675 31.25309944152832
287633 15.626907348632812
287613 31.253337860107422
287570 15.627384185791016
287569 31.25286102294922
287569 15.627861022949219
287569 31.25286102294922
287569 31.253337860107422
287569 15.626668930053711
287569 31.253814697265625
287549 15.626907348632812
287549 31.253337860107422
287549 15.626907348632812
287549 31.253337860107422
287528 15.627145767211914
287475 31.253576278686523
287462 15.627622604370117
287462 31.252622604370117
287444 31.253576278686523
287435 15.626907348632812
287378 31.25309944152832
287378 15.628337860107422
287378 31.251907348632812
287346 15.62809944152832
287310 31.252622604370117
287237 15.626668930053711
287213 31.254053115844727
287176 15.627861022949219
287176 31.25286102294922
287173 15.62643051147461
287173 15.628337860107422
287173 31.251907348632812
287101 15.627622604370117
287076 31.252145767211914
287066 15.627861022949219
287062 31.252622604370117
287061 15.62809944152832
287061 31.25309944152832
287048 15.627861022949219
287048 31.252384185791016
287024 15.627384185791016
287024 31.253337860107422
286978 15.626907348632812
286972 31.252384185791016
286949 15.627622604370117
286906 31.254053115844727
286906 15.626668930053711
286906 31.252145767211914
286898 15.628814697265625
286898 31.252622604370117
286898 15.625715255737305
286898 31.253576278686523
286898 15.626907348632812
286894 31.253814697265625
286878 15.627145767211914
286878 31.253337860107422
286871 15.626668930053711
286871 31.25309944152832
286871 15.626668930053711
