595477 2160.3329181671143
595477 62.4234676361084
595477 48.51675033569336
595475 61.70797348022461
595475 62.50715255737305
595473 46.88000679016113
595471 62.51239776611328
595429 62.4847412109375
595429 46.89812660217285
595397 62.50643730163574
595391 46.87786102294922
595388 46.907901763916016
595381 62.50739097595215
595381 46.88072204589844
595378 78.13525199890137
595375 46.87762260437012
595375 46.9059944152832
595375 62.511444091796875
595372 62.47854232788086
595356 46.88668251037598
595356 62.5300407409668
595309 62.47377395629883
595309 46.880245208740234
595282 62.50739097595215
595282 62.53957748413086
595236 46.88072204589844
595230 62.503814697265625
595230 62.49237060546875
595212 62.502145767211914
595212 46.90384864807129
595212 62.50643730163574
595211 62.474727630615234
595208 46.91171646118164
595205 62.508344650268555
595205 62.48044967651367
595181 46.907663345336914
595162 62.50500679016113
595155 46.88143730163574
595155 46.91195487976074
595130 62.50429153442383
595087 62.51025199890137
595054 46.878814697265625
595054 62.50882148742676
594981 46.880245208740234
594981 62.508344650268555
594955 62.50476837158203
594946 46.880483627319336
594941 62.506914138793945
594852 62.54267692565918
594852 62.47305870056152
594835 62.5300407409668
594771 62.485694885253906
594771 46.91052436828613
594759 46.912193298339844
594719 62.50739097595215
594718 46.87857627868652
594713 62.50739097595215
594693 46.87786102294922
594669 46.91147804260254
594669 62.506675720214844
594667 46.88119888305664
594642 62.506914138793945
594642 46.88096046447754
594632 62.50643730163574
594632 62.53957748413086
594554 62.50715255737305
594553 62.506914138793945
594553 62.50286102294922
594553 46.88596725463867
594553 46.894073486328125
594553 62.506914138793945
594553 46.881914138793945
594552 62.505245208740234
594552 62.50643730163574
594546 46.84782028198242
594546 46.87643051147461
594484 62.50762939453125
594484 62.53695487976074
594484 46.88525199890137
594484 125.01859664916992
594423 62.51049041748047
594423 46.87690734863281
594396 62.506914138793945
594396 62.47591972351074
594396 62.53767013549805
594346 62.50762939453125
594318 46.88119888305664
594318 46.8599796295166
594318 62.52884864807129
594277 46.87929153442383
594252 64.18609619140625
594252 46.87952995300293
594252 46.87047004699707
594252 62.5157356262207
594231 62.50762939453125
594196 78.10378074645996
594196 62.53623962402344
594168 62.508583068847656
594167 46.880483627319336
594132 62.50643730163574
594132 58.97212028503418
594118 46.881675720214844
594053 62.50452995300293
594046 46.88572883605957
594046 62.50262260437012
594036 62.50905990600586
594034 62.50143051147461
594024 62.48188018798828
594024 62.53623962402344
594024 62.50476837158203
594010 46.88239097595215
593971 46.883583068847656
593971 46.88072204589844
593946 46.88000679016113
593927 62.48188018798828
593927 46.9052791595459
593915 62.506914138793945
593913 46.88096046447754
593884 62.50452995300293
593884 46.88239097595215
593884 46.91886901855469
593884 62.502384185791016
593884 46.877384185791016
593869 62.48021125793457
593858 62.53790855407715
593858 78.13334465026855
593815 62.47758865356445
593815 46.88000679016113
593808 46.87976837158203
593796 62.50810623168945
593753 46.87952995300293
593705 62.50739097595215
593665 46.88000679016113
593653 46.881914138793945
593653 62.50643730163574
593596 62.50643730163574
593596 46.880483627319336
593585 62.506675720214844
593585 46.880483627319336
593559 55.54533004760742
593545 42.310237884521484
593545 64.22901153564453
593545 62.52002716064453
593512 46.866655349731445
593512 62.508583068847656
593506 46.87952995300293
593506 46.880483627319336
593506 62.50715255737305
593493 62.5150203704834
593492 46.872615814208984
593492 62.506675720214844
593439 46.880483627319336
593404 70.40119171142578
593388 46.87237739562988
593388 62.506675720214844
593388 46.87976837158203
593388 46.88119888305664
593360 62.506675720214844
593323 46.880245208740234
593277 62.506914138793945
593260 62.51168251037598
593233 46.875953674316406
593233 62.506675720214844
593233 46.912431716918945
593233 46.911001205444336
593233 62.50643730163574
593193 46.885013580322266
593147 62.50333786010742
593136 46.87762260437012
593125 62.511444091796875
593125 62.471628189086914
593114 62.506675720214844
593108 62.52002716064453
593099 62.508583068847656
593071 62.525272369384766
593071 62.506914138793945
593071 62.50786781311035
593026 46.91290855407715
593013 62.505483627319336
593011 46.880483627319336
592997 48.610687255859375
592997 62.50596046447754
592997 62.47735023498535
592997 156.26788139343262
592984 46.880483627319336
592984 62.50715255737305
592984 46.880245208740234
592984 62.50643730163574
592976 46.89383506774902
592968 62.537431716918945
592951 62.51192092895508
592942 62.502384185791016
592932 46.91004753112793
592874 62.508583068847656
592874 46.84710502624512
592874 46.87952995300293
592856 62.50715255737305
592810 46.880245208740234
592773 62.50810623168945
592746 62.50715255737305
592746 62.54768371582031
592746 78.094482421875
592720 62.537193298339844
592698 62.51168251037598
592698 46.87905311584473
592660 62.50500679016113
592651 46.877145767211914
592651 62.50643730163574
592606 46.88262939453125
592606 68.82524490356445
592606 46.880483627319336
592603 62.50715255737305
592603 46.87976837158203
592603 62.50762939453125
592558 62.506914138793945
592558 46.87952995300293
592527 46.87929153442383
592521 62.506675720214844
592504 53.32326889038086
592504 46.8902587890625
592495 46.911001205444336
592460 62.474727630615234
592439 46.91338539123535
592388 62.47687339782715
592334 49.09205436706543
592334 62.474966049194336
592334 46.91171646118164
592334 62.506914138793945
592322 46.87976837158203
592322 62.50762939453125
592322 46.849966049194336
592322 62.54386901855469
592322 62.50143051147461
592288 46.848297119140625
592241 62.53838539123535
592241 46.87976837158203
592176 62.50643730163574
592176 62.476158142089844
592176 46.88096046447754
592147 62.53933906555176
592147 62.47830390930176
592086 46.90837860107422
592058 62.50643730163574
592058 46.88119888305664
592058 62.50619888305664
592006 46.87952995300293
591958 62.50715255737305
591947 62.48617172241211
591930 46.90051078796387
591914 62.51049041748047
591914 46.87929153442383
591894 62.50643730163574
591852 62.482357025146484
591852 46.87380790710449
591848 62.52765655517578
591792 46.8907356262207
591792 62.50715255737305
591768 62.48784065246582
591746 46.898603439331055
591746 62.50882148742676
591735 46.88262939453125
591724 62.50309944152832
591724 46.88119888305664
591724 62.50905990600586
591708 46.87809944152832
591695 62.50810623168945
591695 62.47520446777344
591666 46.90885543823242
591659 62.478065490722656
591659 46.880483627319336
591659 46.881914138793945
591659 63.97056579589844
591650 56.241512298583984
591595 46.91171646118164
591595 62.50882148742676
591576 62.49094009399414
591558 46.89431190490723
591533 62.506914138793945
591533 46.881675720214844
591514 46.89621925354004
591514 62.47568130493164
591514 46.91171646118164
591514 62.506675720214844
591514 46.88239097595215
591514 62.506914138793945
591514 62.50762939453125
591465 46.87833786010742
591457 140.64264297485352
591457 62.505483627319336
591442 46.884775161743164
591387 46.87976837158203
591311 62.506914138793945
591311 46.88096046447754
591311 62.47520446777344
591310 46.88000679016113
591310 62.50715255737305
591310 46.88143730163574
591310 46.880245208740234
591290 46.88000679016113
591290 50.43172836303711
591288 62.50810623168945
591284 62.537431716918945
591284 62.474727630615234
591277 62.52765655517578
591277 62.48617172241211
591277 74.01394844055176
591277 62.506914138793945
591275 62.50786781311035
591275 62.50739097595215
591275 62.474727630615234
591275 62.508344650268555
591247 62.53838539123535
591247 46.883583068847656
591179 62.50429153442383
591169 46.88000679016113
591169 62.506914138793945
591151 46.880483627319336
591089 62.50786781311035
591003 46.84782028198242
591003 46.912193298339844
591003 62.50715255737305
590992 46.88453674316406
590974 62.502145767211914
590921 46.880245208740234
590911 62.50786781311035
590911 46.85330390930176
590911 46.88096046447754
590898 62.506914138793945
590898 46.91171646118164
590898 62.51192092895508
590847 46.875953674316406
590847 62.505483627319336
590788 62.476158142089844
590788 62.54100799560547
590779 62.506675720214844
590754 46.87786102294922
590754 46.90361022949219
590754 62.50739097595215
590734 49.95560646057129
590734 59.48472023010254
590706 62.506675720214844
590706 46.88239097595215
590706 62.51120567321777
590706 62.51120567321777
590700 46.88310623168945
590700 62.50786781311035
590684 46.85401916503906
590680 46.88382148742676
590680 62.54887580871582
590679 46.8754768371582
590679 62.51072883605957
590632 46.88858985900879
590600 62.50452995300293
590590 46.88262939453125
590577 62.508344650268555
590572 46.88596725463867
590572 46.886444091796875
590572 62.51072883605957
590534 62.47854232788086
590522 62.540531158447266
590522 79.75625991821289
590522 62.478065490722656
590514 62.509775161743164
590514 46.883344650268555
590468 62.51072883605957
590451 46.88572883605957
590451 46.88310623168945
590451 46.88239097595215
590419 46.883344650268555
590397 62.51120567321777
590387 46.883344650268555
590331 62.510013580322266
590290 78.13787460327148
590290 62.54220008850098
590290 62.51049041748047
590290 62.514543533325195
590290 46.885013580322266
590290 62.50619888305664
590290 46.88215255737305
590290 63.42816352844238
590290 46.91648483276367
590290 46.88286781311035
590271 62.47830390930176
590271 46.88310623168945
590255 62.520742416381836
590173 62.53242492675781
590160 62.47973442077637
590149 62.51025199890137
590134 62.54220008850098
590120 62.48044967651367
590120 59.84783172607422
590120 125.02121925354004
590115 62.51096725463867
590115 62.51120567321777
590115 62.50953674316406
590115 62.541961669921875
590105 62.47973442077637
590082 78.17363739013672
590082 46.846866607666016
590082 46.881914138793945
590082 62.51811981201172
590053 46.87690734863281
590022 62.50953674316406
589966 46.883344650268555
589966 62.51025199890137
589932 62.51192092895508
589929 78.13739776611328
589907 62.53957748413086
589907 46.88668251037598
589906 62.511444091796875
589906 46.881914138793945
589857 62.51049041748047
589833 62.51025199890137
589833 62.48068809509277
589745 62.508583068847656
589733 62.54315376281738
589729 62.509775161743164
589695 46.88310623168945
589689 46.88525199890137
589689 46.881914138793945
589689 46.875715255737305
589689 62.48307228088379
589689 62.51168251037598
589689 62.54243850708008
589684 62.51025199890137
589684 62.51025199890137
589666 46.884775161743164
589666 62.47901916503906
589660 78.16386222839355
589660 62.51025199890137
589660 62.51025199890137
589660 46.881914138793945
589660 46.88405990600586
589618 62.51025199890137
589618 62.53671646118164
589601 62.5157356262207
589568 62.51072883605957
589568 62.51215934753418
589545 62.505245208740234
589477 46.88882827758789
589477 46.880483627319336
589429 46.884775161743164
589429 62.50739097595215
589429 62.496185302734375
589406 46.90265655517578
589406 64.09454345703125
589406 46.918630599975586
589338 62.50882148742676
589338 62.4849796295166
589335 46.8752384185791
589322 62.543392181396484
589322 46.88310623168945
589322 46.881675720214844
589256 46.88310623168945
589247 46.91314697265625
589226 62.511444091796875
589226 46.88215255737305
589226 62.51192092895508
589188 46.88215255737305
589187 62.51645088195801
589179 62.48068809509277
589166 46.9059944152832
589160 62.51335144042969
589160 46.88119888305664
589143 62.51120567321777
589143 62.47973442077637
589136 46.91433906555176
589122 62.51263618469238
589107 46.88119888305664
589068 62.51120567321777
589062 62.490224838256836
589062 46.903133392333984
589059 62.47830390930176
589059 46.91481590270996
589051 62.51049041748047
589051 46.88668251037598
589032 46.907901763916016
589032 46.88000679016113
588965 46.91576957702637
588965 61.35845184326172
588957 46.91648483276367
588921 46.88239097595215
588912 62.5612735748291
588912 46.87023162841797
588880 62.50476837158203
588799 46.88262939453125
588799 46.88215255737305
588755 62.5150203704834
588750 46.84853553771973
588739 62.510013580322266
588737 78.17387580871582
588737 62.50405311584473
588706 62.51645088195801
588706 62.50715255737305
588706 46.88310623168945
588674 124.98879432678223
588674 78.13858985900879
588618 78.1395435333252
588618 62.54100799560547
588618 62.47878074645996
588618 46.915292739868164
588618 62.48807907104492
588618 46.906232833862305
588618 62.51382827758789
588605 62.47973442077637
588605 62.50715255737305
588605 78.15790176391602
588596 62.49117851257324
588596 46.91362380981445
588562 46.88286781311035
588562 46.88549041748047
588562 46.88072204589844
588562 62.50905990600586
588559 46.88405990600586
588559 62.51072883605957
588559 46.88453674316406
588533 62.476396560668945
588533 62.47878074645996
588533 62.51120567321777
588525 62.543392181396484
588521 46.88262939453125
588520 62.509775161743164
588511 46.88453674316406
588511 62.50739097595215
588477 54.688453674316406
588477 62.54267692565918
588477 46.881914138793945
588477 62.51239776611328
588464 62.47878074645996
588447 46.88382148742676
588423 62.51025199890137
588423 62.54100799560547
588417 62.51215934753418
588417 46.85068130493164
588417 64.14079666137695
588386 62.50643730163574
588386 46.885013580322266
588351 62.513113021850586
588351 62.50786781311035
588316 62.47973442077637
588298 50.97389221191406
588255 62.512874603271484
588255 46.88262939453125
588253 62.51096725463867
588253 62.51049041748047
588253 46.883344650268555
588253 62.509775161743164
588251 46.88310623168945
588213 62.51072883605957
588193 62.51192092895508
588177 62.50929832458496
588177 46.88286781311035
588177 62.51025199890137
588123 46.88549041748047
588112 46.88239097595215
588101 62.51096725463867
588101 62.51025199890137
588101 46.88239097595215
588101 46.883583068847656
588101 62.51049041748047
588101 62.54220008850098
588101 46.88286781311035
588090 62.51096725463867
588090 46.88882827758789
588061 63.23885917663574
588045 78.13191413879395
588045 46.88429832458496
588038 46.884775161743164
588038 62.5150203704834
588020 62.509775161743164
588006 46.88262939453125
588006 46.90074920654297
587999 62.51120567321777
587990 46.87976837158203
587966 62.5154972076416
587966 46.85330390930176
587966 62.537431716918945
587939 62.49046325683594
587939 46.90265655517578
587939 62.5150203704834
587939 62.50762939453125
587930 46.88215255737305
587930 46.88262939453125
587930 62.51049041748047
587930 62.48903274536133
587930 46.904563903808594
587930 62.513113021850586
587929 62.50953674316406
587929 46.88215255737305
587929 62.51096725463867
587906 62.51716613769531
587893 46.875715255737305
587893 62.51049041748047
587887 46.88525199890137
587863 46.883344650268555
587843 62.51072883605957
587774 46.885013580322266
587761 78.10521125793457
587761 62.54243850708008
587761 140.61832427978516
587761 62.51096725463867
587761 62.50905990600586
587761 46.88382148742676
587718 46.88310623168945
587718 46.88286781311035
587711 46.883344650268555
587711 62.510013580322266
587711 46.91648483276367
587708 46.883344650268555
587708 62.51049041748047
587701 46.88239097595215
587701 62.51072883605957
587701 46.88215255737305
587701 62.5154972076416
587701 62.50619888305664
587696 46.88262939453125
587668 62.51215934753418
587650 62.51025199890137
587644 78.11474800109863
587639 78.12929153442383
587630 62.543630599975586
587630 46.88262939453125
587622 64.1317367553711
587607 46.912193298339844
587570 66.88976287841797
587570 53.22527885437012
587565 46.88310623168945
587505 62.50953674316406
587494 46.88262939453125
587487 62.51192092895508
587464 62.51239776611328
587453 46.881914138793945
587453 62.51120567321777
587416 59.96894836425781
587416 46.88620567321777
587416 62.51025199890137
587416 62.47830390930176
587416 46.91600799560547
587416 46.84901237487793
587416 46.883583068847656
587416 46.88310623168945
587404 46.88453674316406
587404 62.509775161743164
587404 46.88143730163574
587394 62.511444091796875
587377 46.883344650268555
587377 62.51096725463867
587377 46.88286781311035
587377 62.51025199890137
587349 46.883344650268555
587307 62.51096725463867
587307 46.88286781311035
587300 62.510013580322266
587300 46.88382148742676
587285 62.50905990600586
587285 46.884775161743164
587267 46.88382148742676
587212 62.51049041748047
587162 46.88310623168945
587143 62.51049041748047
587143 46.88286781311035
587132 62.51072883605957
587094 62.51049041748047
587043 46.88239097595215
587009 62.51168251037598
587009 62.510013580322266
587003 46.91457748413086
586989 62.510013580322266
586937 46.88262939453125
586937 46.88453674316406
586895 46.885013580322266
586868 46.88620567321777
586868 46.88215255737305
586868 46.889305114746094
586839 62.47544288635254
586839 46.91934585571289
586802 62.50643730163574
586789 46.88620567321777
586781 46.84901237487793
586758 62.54148483276367
586758 62.51049041748047
586757 62.48641014099121
586757 46.90742492675781
586749 62.50953674316406
586712 62.5152587890625
586712 46.87976837158203
586700 62.51192092895508
586678 46.881914138793945
586678 62.51025199890137
586672 46.883583068847656
586672 62.479257583618164
586621 62.53767013549805
586621 62.48950958251953
586612 62.531232833862305
586603 46.887874603271484
586569 62.51239776611328
586567 62.47687339782715
586555 46.883583068847656
586481 62.51025199890137
586422 46.88405990600586
586415 46.88215255737305
586415 46.883344650268555
586373 46.88262939453125
586373 140.65003395080566
586349 46.88286781311035
586349 46.88215255737305
586349 78.15051078796387
586349 46.91338539123535
586347 46.91028594970703
586347 62.512874603271484
586323 62.47830390930176
586299 46.909332275390625
586299 62.5152587890625
586299 46.88239097595215
586299 64.08166885375977
586299 46.880483627319336
586299 62.482357025146484
586299 46.91481590270996
586270 62.47854232788086
586264 46.91433906555176
586245 62.48116493225098
586245 46.91362380981445
586245 46.88262939453125
586231 46.883344650268555
586231 46.88310623168945
586223 46.881914138793945
586223 46.88310623168945
586223 46.87213897705078
586221 62.52098083496094
586196 62.50619888305664
586183 46.85688018798828
586169 46.881675720214844
586167 62.51096725463867
586167 46.88715934753418
586167 62.50810623168945
586138 46.88072204589844
586134 46.88143730163574
586127 62.51072883605957
586115 46.88620567321777
586115 62.50810623168945
586115 62.47997283935547
586115 46.91457748413086
586104 62.51215934753418
586068 46.883344650268555
586068 62.47735023498535
586046 62.54148483276367
585976 46.88262939453125
585937 62.500953674316406
585937 46.89335823059082
585937 46.88239097595215
585916 62.51025199890137
585916 62.48164176940918
585916 62.50953674316406
585916 46.883344650268555
585916 62.54386901855469
585916 46.849966049194336
585916 46.88262939453125
585912 62.51096725463867
585884 46.88262939453125
585884 62.512874603271484
585857 46.88072204589844
585839 62.511444091796875
585839 46.881914138793945
585839 62.51096725463867
585839 46.883344650268555
585826 62.51025199890137
585826 46.883583068847656
585790 62.51025199890137
585786 46.88262939453125
585771 62.51168251037598
585752 46.881675720214844
585733 62.51072883605957
585723 46.88310623168945
585723 62.51025199890137
585723 46.88310623168945
585717 62.510013580322266
585717 46.883583068847656
585717 46.88310623168945
585686 64.6512508392334
585667 56.00738525390625
585667 53.1158447265625
585655 46.87952995300293
585655 66.89596176147461
585655 50.38261413574219
585617 46.91457748413086
585608 78.13811302185059
585608 46.883583068847656
585598 62.51072883605957
585566 46.88429832458496
585566 62.509775161743164
585566 62.478065490722656
585552 62.54172325134277
585552 46.88286781311035
585552 62.50762939453125
585552 62.482595443725586
585552 62.54172325134277
585552 62.51025199890137
585538 46.88405990600586
585515 62.51049041748047
585515 46.883583068847656
585515 62.51072883605957
585509 46.88715934753418
585509 62.50572204589844
585501 46.88453674316406
585497 62.510013580322266
585497 46.88215255737305
585497 62.51096725463867
585497 157.6399803161621
585497 46.88453674316406
585448 62.50953674316406
585436 46.85091972351074
585436 62.51168251037598
585435 46.88239097595215
585435 48.42782020568848
585396 62.51072883605957
585393 46.883344650268555
585381 59.08489227294922
585338 46.88286781311035
585338 46.883583068847656
585277 46.88286781311035
585277 46.88310623168945
585277 46.88286781311035
585253 46.88382148742676
585245 46.88310623168945
585245 46.872854232788086
585213 62.51096725463867
585185 46.883344650268555
585183 62.50905990600586
585183 46.88453674316406
585157 46.88286781311035
585157 46.877384185791016
585157 62.511444091796875
585157 46.88239097595215
585126 62.51072883605957
585126 46.88429832458496
585126 46.88310623168945
585123 62.509775161743164
585123 46.88382148742676
585048 62.51072883605957
584994 46.88382148742676
584975 62.509775161743164
584973 46.88310623168945
584973 62.51072883605957
584958 46.883344650268555
584958 62.51072883605957
584946 46.88239097595215
584946 46.883583068847656
584946 62.51120567321777
584932 46.883583068847656
584932 62.50953674316406
584932 46.89192771911621
584877 46.88286781311035
584877 64.31031227111816
584850 46.88215255737305
584850 46.88405990600586
584825 62.510013580322266
584825 46.88239097595215
584807 62.51358985900879
584788 62.51096725463867
584788 46.885013580322266
584781 62.50810623168945
584771 46.883344650268555
584720 46.88239097595215
584720 46.88143730163574
584720 46.88239097595215
584714 46.883583068847656
584698 62.51239776611328
584695 46.88143730163574
584695 46.881914138793945
584654 46.880245208740234
584603 43.087005615234375
584587 62.510013580322266
584587 46.88310623168945
584587 62.50953674316406
584515 46.88429832458496
584515 62.50905990600586
584515 46.88405990600586
584496 46.87905311584473
584496 46.88119888305664
584448 62.51263618469238
584429 62.517404556274414
584390 46.87333106994629
584342 46.881914138793945
584342 62.51168251037598
584342 62.51025199890137
584342 62.47901916503906
584335 46.883583068847656
584301 62.51120567321777
584296 46.88215255737305
584266 46.88286781311035
584218 46.88310623168945
584193 62.51096725463867
584140 46.883583068847656
584110 46.88405990600586
584110 62.510013580322266
584110 46.88310623168945
584084 46.88310623168945
584084 62.51263618469238
584051 62.50929832458496
584001 64.03732299804688
584001 46.883344650268555
583983 62.51192092895508
583983 62.520742416381836
583983 46.90265655517578
583983 46.88382148742676
583983 62.50905990600586
583943 46.88572883605957
583943 62.50882148742676
583928 62.49856948852539
583928 46.86284065246582
583928 62.54220008850098
583925 140.64979553222656
583925 62.51072883605957
583914 46.88310623168945
583914 62.47973442077637
583903 46.88215255737305
583903 46.883583068847656
583887 46.881675720214844
583887 46.88429832458496
583859 62.510013580322266
583837 46.88286781311035
583831 62.511444091796875
583821 46.88310623168945
583821 62.51025199890137
583818 46.88262939453125
583808 62.51025199890137
583808 46.883583068847656
583808 62.51096725463867
583808 46.88262939453125
583808 62.51049041748047
583807 46.88286781311035
583803 62.51096725463867
583796 62.53981590270996
583796 46.885013580322266
583771 62.51072883605957
583771 62.51049041748047
583770 46.88382148742676
583770 62.47878074645996
583741 62.54124641418457
583741 46.880483627319336
583741 62.51406669616699
583740 46.88096046447754
583716 62.510013580322266
583712 62.482595443725586
583712 46.914100646972656
583696 46.88382148742676
583694 46.88262939453125
583694 46.88262939453125
583694 62.51025199890137
583677 62.479496002197266
583677 62.50953674316406
583667 78.15837860107422
583587 62.519073486328125
583587 62.482595443725586
583587 78.1393051147461
583587 62.50929832458496
583577 62.51358985900879
583552 62.508583068847656
583552 62.50810623168945
583552 62.51049041748047
583530 46.88382148742676
583530 78.1397819519043
583530 62.51025199890137
583522 62.54100799560547
583522 62.47854232788086
583502 62.51049041748047
583455 62.51120567321777
583447 62.5307559967041
583437 62.491416931152344
583437 62.53814697265625
583437 62.51072883605957
583437 75.37364959716797
583437 78.17244529724121
583437 87.82434463500977
583409 52.40440368652344
583340 62.51120567321777
583330 62.509775161743164
583327 62.52455711364746
583327 85.22891998291016
583294 68.30334663391113
583217 78.13882827758789
583217 78.14311981201172
583192 46.87857627868652
583192 62.51072883605957
583175 64.1472339630127
583175 78.13835144042969
583115 79.97512817382812
583092 63.172101974487305
583092 72.19672203063965
583092 58.18939208984375
583050 74.20682907104492
583000 76.20859146118164
583000 74.20635223388672
583000 71.19226455688477
583000 69.20981407165527
583000 65.1559829711914
582976 65.15932083129883
582967 65.17601013183594
582945 63.20476531982422
582945 63.170671463012695
582945 87.23878860473633
