2017 0.0
2017 0.0
1967 0.0
1933 0.0
1924 0.0
1913 0.0
1909 0.0
1894 0.0
1894 0.0
1891 0.0
1882 0.0
1868 0.0
1868 0.0
1847 0.0
1842 0.0
1804 0.0
1804 0.0
1804 0.0
1797 0.0
1785 0.0
1785 0.0
1785 0.0
1779 0.0
1769 0.0
1739 0.0
1709 0.0
1709 0.0
1696 0.0
1668 0.0
1668 0.0
1660 0.0
1660 0.0
1658 0.0
1658 0.0
1636 0.0
1636 0.0
1636 0.0
1591 0.0
1568 0.0
1546 0.0
1531 0.0
1522 0.0
1522 0.0
1522 0.0
1512 0.0
1512 0.0
1495 0.0
1490 0.0
1490 0.0
1422 0.0
1422 0.0
1409 0.0
1409 0.0
1399 0.0
1399 0.0
1399 0.0
1384 0.0
1378 15.395402908325195
1364 0.0
1358 0.0
1357 0.0
1357 0.0
1357 0.0
1332 0.0
1332 0.0
1332 0.0
1332 0.0
1332 0.0
1311 0.0
1311 0.0
1311 0.0
1311 0.0
1311 0.0
1311 0.0
1311 0.0
1311 0.0
1297 0.0
1292 0.0
1284 0.0
1284 0.0
1284 0.0
1284 0.0
1284 0.0
1284 0.0
1284 0.0
1284 0.0
1284 0.0
1281 0.0
1281 0.0
1273 0.0
1273 0.0
1241 0.0
1241 0.0
1241 0.0
1241 0.0
1241 0.0
1241 0.0
1241 0.0
1241 0.0
1236 0.0
1236 0.0
1236 0.0
1236 0.0
1236 0.0
1236 0.0
1236 0.0
1228 0.0
1228 0.0
1217 0.0
1217 0.0
1217 0.0
1217 0.0
1217 0.0
1217 0.0
1216 0.0
1216 0.0
1216 0.0
1216 0.0
1216 0.0
1216 0.0
1216 0.0
1216 0.0
1216 0.0
1195 0.0
1195 0.0
1195 0.0
1194 0.0
1194 0.0
1187 0.0
1185 0.0
1172 0.0
1167 0.0
1167 0.0
1167 0.0
1167 0.0
1167 0.0
1167 0.0
1167 0.0
1167 0.0
1160 0.0
1160 0.0
1160 0.0
1160 0.0
1160 0.0
1160 0.0
1160 0.0
1160 0.0
1160 0.0
1159 0.0
1158 0.0
1136 0.0
1136 0.0
1136 0.0
1136 0.0
1136 0.0
1121 0.0
1121 0.0
1115 0.0
1115 0.0
1106 0.0
1106 0.0
1106 0.0
1100 0.0
1100 0.0
1100 0.0
1100 0.0
1098 0.0
1098 0.0
1098 0.0
1084 0.0
1070 0.0
1070 15.617132186889648
1067 0.0
1064 0.0
1064 0.0
1064 0.0
1064 0.0
1064 0.0
1064 0.0
1064 0.0
1064 0.0
1055 0.0
1055 0.0
1055 0.0
1052 0.0
1052 0.0
1052 0.0
1052 0.0
1052 0.0
1044 0.0
1044 0.0
1041 0.0
1041 0.0
1041 0.0
1041 0.0
1023 0.0
1023 0.0
1023 0.0
1023 0.0
1023 0.0
1012 0.0
1012 0.0
1000 0.0
1000 0.0
985 0.0
985 0.0
985 0.0
985 0.0
985 0.0
985 0.0
985 0.0
985 0.0
985 0.0
985 0.0
985 0.0
984 0.0
984 0.0
984 0.0
984 0.0
981 0.0
981 0.0
981 0.0
981 0.0
976 0.0
976 0.0
976 0.0
976 0.0
963 0.0
963 0.0
963 0.0
963 0.0
963 0.0
953 0.0
953 0.0
953 0.0
953 0.0
948 0.0
948 0.0
948 0.0
948 0.0
931 0.0
931 0.0
931 0.0
931 0.0
923 0.0
923 0.0
922 0.0
919 0.0
907 0.0
907 0.0
907 0.0
907 0.0
907 0.0
907 0.0
905 0.0
905 0.0
898 0.0
898 0.0
898 0.0
892 0.0
892 0.0
892 0.0
892 0.0
892 0.0
873 0.0
873 0.0
872 0.0
866 0.0
866 0.0
866 0.0
866 0.0
866 0.0
861 0.0
861 0.0
861 0.0
861 0.0
836 0.0
836 0.0
836 0.0
836 0.0
836 0.0
836 0.0
836 15.627861022949219
836 0.0
836 0.0
828 0.0
812 0.0
812 0.0
812 0.0
812 0.0
806 0.0
806 0.0
806 0.0
799 0.0
799 0.0
799 0.0
799 0.0
793 0.0
793 0.0
793 0.0
793 0.0
793 0.0
787 0.0
787 0.0
787 0.0
787 0.0
785 0.0
785 0.0
785 0.0
785 0.0
785 0.0
785 0.0
785 0.0
774 0.0
774 0.0
771 0.0
771 0.0
753 0.0
753 0.0
753 0.0
753 0.0
753 0.0
744 0.0
744 0.0
744 0.0
744 0.0
744 0.0
744 0.0
744 0.0
744 0.0
744 0.0
743 0.0
743 0.0
743 0.0
743 0.0
743 0.0
743 0.0
743 0.0
743 0.0
743 0.0
743 0.0
743 0.0
743 0.0
743 0.0
743 0.0
742 0.0
739 0.0
739 0.0
739 0.0
739 0.0
739 0.0
739 0.0
739 0.0
739 0.0
732 0.0
732 0.0
732 0.0
732 0.0
732 0.0
732 0.0
732 0.0
732 0.0
732 0.0
725 0.0
725 0.0
725 0.0
725 0.0
719 0.0
719 0.0
719 0.0
719 0.0
719 0.0
719 0.0
719 0.0
719 0.0
719 0.0
719 0.0
719 0.0
719 0.0
719 0.0
719 0.0
719 0.0
719 0.0
719 0.0
713 0.0
706 0.0
700 0.0
700 0.0
700 0.0
700 0.0
700 0.0
694 0.0
694 0.0
694 0.0
694 0.0
694 15.606403350830078
691 0.0
691 0.0
691 0.0
691 0.0
691 0.0
691 0.0
691 0.0
690 0.0
690 0.0
690 0.0
686 0.0
686 0.0
686 0.0
686 0.0
682 0.0
679 0.0
679 0.0
679 0.0
674 0.0
674 0.0
674 0.0
674 0.0
674 0.0
674 0.0
674 0.0
674 0.0
674 0.0
663 0.0
663 0.0
663 0.0
663 0.0
663 0.0
663 0.0
663 0.0
663 0.0
663 0.0
663 0.0
663 0.0
663 0.0
663 0.0
663 0.0
663 0.0
663 0.0
663 0.0
663 0.0
663 0.0
663 0.0
663 0.0
663 0.0
663 0.0
663 0.0
663 0.0
659 0.0
659 0.0
659 0.0
659 0.0
659 0.0
657 0.0
657 0.0
657 0.0
657 0.0
651 0.0
651 0.0
651 0.0
650 0.0
650 0.0
650 0.0
646 0.0
646 0.0
646 0.0
639 0.0
639 0.0
634 0.0
634 0.0
634 0.0
634 0.0
634 0.0
634 0.0
634 0.0
634 0.0
634 0.0
634 0.0
634 0.0
634 0.0
631 0.0
631 0.0
631 0.0
631 0.0
631 0.0
631 0.0
631 0.0
631 0.0
631 0.0
631 0.0
631 0.0
631 0.0
631 0.0
631 0.0
631 0.0
631 0.0
631 0.0
631 0.0
631 0.0
631 0.0
631 0.0
631 0.0
631 0.0
631 0.0
631 0.0
631 0.0
628 0.0
628 0.0
628 0.0
628 0.0
628 15.64645767211914
625 0.0
625 0.0
625 0.0
625 0.0
625 0.0
625 0.0
625 0.0
625 0.0
625 0.0
625 0.0
625 0.0
625 0.0
625 0.0
625 0.0
625 0.0
625 0.0
625 0.0
625 0.0
622 0.0
622 0.0
622 0.0
622 0.0
622 0.0
622 0.0
622 0.0
622 0.0
620 0.0
620 0.0
620 0.0
614 0.0
614 0.0
614 0.0
608 0.0
608 0.0
608 0.0
608 0.0
608 0.0
608 0.0
600 0.0
600 0.0
600 0.0
600 0.0
600 0.0
600 0.0
599 0.0
599 0.0
599 0.0
575 0.0
575 0.0
575 0.0
575 0.0
575 0.0
575 0.0
575 0.0
575 0.0
575 0.0
575 0.0
575 0.0
575 0.0
575 0.0
575 0.0
575 0.0
575 0.0
575 0.0
573 0.0
573 0.0
573 0.0
570 0.0
563 0.0
562 0.0
562 0.0
562 0.0
562 0.0
562 0.0
559 0.0
559 0.0
559 0.0
559 0.0
559 0.0
559 0.0
559 0.0
559 0.0
559 0.0
557 0.0
551 0.0
551 0.0
551 0.0
551 0.0
548 0.0
548 0.0
548 0.0
548 0.0
548 0.0
548 0.0
548 0.0
548 0.0
548 0.0
548 0.0
545 0.0
543 0.0
543 0.0
543 0.0
543 0.0
543 0.0
543 0.0
543 0.0
538 0.0
538 0.0
536 0.0
536 0.0
536 0.0
536 0.0
536 15.627384185791016
536 0.0
536 0.0
524 0.0
524 0.0
524 0.0
524 0.0
524 0.0
524 0.0
524 0.0
524 0.0
524 0.0
524 0.0
524 0.0
516 0.0
516 0.0
516 0.0
516 0.0
516 0.0
516 0.0
516 0.0
516 0.0
516 0.0
510 0.0
509 0.0
509 0.0
509 0.0
509 0.0
504 0.0
504 0.0
504 0.0
504 0.0
504 0.0
504 0.0
504 0.0
503 0.0
503 0.0
503 0.0
501 0.0
501 0.0
501 0.0
501 0.0
501 0.0
501 0.0
501 0.0
501 0.0
501 0.0
501 0.0
501 0.0
495 0.0
495 0.0
495 0.0
495 0.0
495 0.0
495 0.0
495 0.0
490 0.0
490 0.0
490 0.0
490 0.0
490 0.0
485 0.0
485 0.0
485 0.0
485 0.0
485 0.0
482 0.0
482 0.0
482 0.0
482 0.0
482 0.0
482 0.0
480 0.0
480 0.0
480 0.0
480 0.0
480 0.0
480 0.0
480 0.0
480 0.0
480 0.0
480 0.0
480 0.0
480 0.0
480 0.0
480 0.0
480 0.0
480 0.0
480 0.0
480 0.0
480 0.0
480 0.0
480 0.0
480 0.0
480 0.0
480 0.0
480 0.0
480 0.0
478 0.0
478 0.0
478 0.0
478 0.0
478 0.0
478 0.0
478 0.0
478 0.0
478 0.0
478 0.0
473 0.0
473 0.0
473 0.0
473 0.0
473 0.0
473 0.0
473 0.0
460 15.627861022949219
460 0.0
460 0.0
460 0.0
460 0.0
460 0.0
460 0.0
460 0.0
460 0.0
460 0.0
460 0.0
460 0.0
460 0.0
460 0.0
460 0.0
460 0.0
460 0.0
460 0.0
460 0.0
460 0.0
460 0.0
460 0.0
460 0.0
460 0.0
460 0.0
460 0.0
460 0.0
460 0.0
460 0.0
460 0.0
460 0.0
460 0.0
460 0.0
460 0.0
460 0.0
460 0.0
460 0.0
460 0.0
460 0.0
460 0.0
460 0.0
460 0.0
460 0.0
460 0.0
460 0.0
460 0.0
460 0.0
460 0.0
460 0.0
460 0.0
460 0.0
460 0.0
460 0.0
460 0.0
460 0.0
460 0.0
460 0.0
460 0.0
460 0.0
459 0.0
459 0.0
459 0.0
459 0.0
459 0.0
458 0.0
458 0.0
458 0.0
458 0.0
458 0.0
458 0.0
458 0.0
458 0.0
458 0.0
458 0.0
458 0.0
458 0.0
458 0.0
457 0.0
457 0.0
457 0.0
457 0.0
457 0.0
457 0.0
454 0.0
454 0.0
454 0.0
454 0.0
454 0.0
454 0.0
454 0.0
454 0.0
454 0.0
454 0.0
454 0.0
454 0.0
454 0.0
454 0.0
454 0.0
454 0.0
454 0.0
454 0.0
454 0.0
447 0.0
443 0.0
443 0.0
436 0.0
436 0.0
436 0.0
436 0.0
436 0.0
436 0.0
436 0.0
436 0.0
436 0.0
436 0.0
435 15.625238418579102
435 0.0
435 0.0
435 0.0
435 0.0
435 0.0
435 0.0
435 0.0
435 0.0
435 0.0
435 0.0
435 0.0
435 0.0
435 0.0
435 0.0
435 0.0
435 0.0
435 0.0
435 0.0
435 0.0
435 0.0
435 0.0
431 0.0
431 0.0
431 0.0
429 0.0
427 0.0
427 0.0
427 0.0
427 0.0
427 0.0
427 0.0
427 0.0
427 0.0
427 0.0
427 0.0
427 0.0
427 0.0
427 0.0
427 0.0
427 0.0
427 0.0
427 0.0
427 0.0
427 0.0
427 0.0
427 0.0
427 0.0
427 0.0
427 0.0
427 0.0
427 0.0
427 0.0
427 0.0
427 0.0
427 0.0
427 0.0
427 0.0
427 0.0
427 0.0
427 0.0
427 0.0
427 0.0
427 0.0
427 0.0
427 0.0
427 0.0
427 0.0
427 0.0
427 0.0
427 0.0
427 0.0
427 0.0
427 0.0
427 0.0
427 0.0
427 0.0
427 0.0
427 0.0
427 0.0
427 0.0
427 0.0
427 0.0
427 0.0
427 0.0
427 0.0
427 0.0
427 0.0
427 0.0
427 0.0
427 0.0
423 0.0
423 0.0
423 0.0
423 0.0
423 0.0
423 0.0
421 0.0
421 0.0
421 0.0
421 0.0
421 0.0
421 0.0
421 0.0
421 0.0
417 0.0
417 0.0
417 0.0
417 0.0
417 0.0
417 0.0
417 0.0
417 0.0
417 0.0
417 15.62643051147461
417 0.0
417 0.0
417 0.0
417 0.0
417 0.0
417 0.0
417 0.0
417 0.0
417 0.0
417 0.0
417 0.0
417 0.0
417 0.0
417 0.0
410 0.0
410 0.0
405 0.0
405 0.0
405 0.0
405 0.0
405 0.0
405 0.0
405 0.0
405 0.0
405 0.0
405 0.0
405 0.0
405 0.0
405 0.0
405 0.0
405 0.0
405 0.0
405 0.0
