1044 0.0
1044 0.0
1019 0.0
959 0.0
959 0.0
946 0.0
937 0.0
931 0.0
931 0.0
929 0.0
929 0.0
899 0.0
899 0.0
890 0.0
890 0.0
863 0.0
863 0.0
863 0.0
863 0.0
843 0.0
843 0.0
843 0.0
843 0.0
843 0.0
843 0.0
824 0.0
824 0.0
813 0.0
751 0.0
745 0.0
745 0.0
745 0.0
745 0.0
743 0.0
743 0.0
743 0.0
743 0.0
733 0.0
733 0.0
733 0.0
700 0.0
673 0.0
673 0.0
673 0.0
664 0.0
664 0.0
664 0.0
664 0.0
664 0.0
660 0.0
660 0.0
660 0.0
660 0.0
654 0.0
634 0.0
634 0.0
617 0.0
592 0.0
581 0.0
578 0.0
578 0.0
578 0.0
566 0.0
548 0.0
548 0.0
548 0.0
548 0.0
548 0.0
548 0.0
548 0.0
548 0.0
548 0.0
548 0.0
548 0.0
541 0.0
533 0.0
533 0.0
527 0.0
514 0.0
514 0.0
512 0.0
512 0.0
512 0.0
512 0.0
512 0.0
512 0.0
512 0.0
512 0.0
511 0.0
510 0.0
507 0.0
506 0.0
506 0.0
506 0.0
506 0.0
506 0.0
506 0.0
506 0.0
506 0.0
497 0.0
497 0.0
497 0.0
497 0.0
497 0.0
497 0.0
497 0.0
497 0.0
497 0.0
486 0.0
486 0.0
486 0.0
486 0.0
486 0.0
486 0.0
486 0.0
486 0.0
486 0.0
486 0.0
486 0.0
486 0.0
486 0.0
486 0.0
486 0.0
486 0.0
486 0.0
482 0.0
482 0.0
482 0.0
482 0.0
477 0.0
452 0.0
452 0.0
451 0.0
451 0.0
451 0.0
451 0.0
451 0.0
451 0.0
441 0.0
436 0.0
436 0.0
430 0.0
430 0.0
430 0.0
430 0.0
430 0.0
428 0.0
428 0.0
424 0.0
423 0.0
403 0.0
403 0.0
403 0.0
403 0.0
403 0.0
390 0.0
390 0.0
389 0.0
389 0.0
388 0.0
388 0.0
388 0.0
388 0.0
388 0.0
388 0.0
388 0.0
386 0.0
386 0.0
386 0.0
386 0.0
385 0.0
384 0.0
384 0.0
384 0.0
384 0.0
384 0.0
384 0.0
384 0.0
384 0.0
384 0.0
384 0.0
382 15.657424926757812
382 0.0
382 0.0
379 0.0
379 0.0
379 0.0
379 0.0
379 0.0
373 0.0
373 0.0
370 0.0
370 0.0
370 0.0
370 0.0
368 0.0
368 0.0
368 0.0
368 0.0
368 0.0
362 0.0
362 0.0
357 0.0
357 0.0
357 0.0
357 0.0
357 0.0
357 0.0
357 0.0
357 0.0
357 0.0
357 0.0
357 0.0
357 0.0
357 0.0
357 0.0
357 0.0
357 0.0
357 0.0
354 0.0
354 0.0
354 0.0
354 0.0
354 0.0
354 0.0
354 0.0
354 0.0
351 0.0
351 0.0
351 0.0
351 0.0
351 0.0
349 0.0
349 0.0
349 0.0
349 0.0
349 0.0
349 0.0
349 0.0
349 0.0
349 0.0
349 0.0
349 0.0
349 0.0
341 0.0
341 0.0
341 0.0
329 0.0
317 0.0
317 0.0
317 0.0
317 0.0
317 0.0
317 0.0
317 0.0
317 0.0
304 0.0
304 0.0
304 0.0
304 0.0
304 0.0
304 0.0
304 0.0
304 0.0
302 0.0
302 0.0
302 0.0
294 0.0
294 0.0
294 0.0
294 0.0
294 0.0
292 0.0
292 0.0
292 0.0
292 0.0
289 0.0
289 0.0
289 0.0
289 0.0
289 0.0
289 0.0
289 0.0
289 0.0
289 0.0
283 0.0
277 0.0
277 0.0
277 0.0
277 0.0
275 0.0
275 0.0
275 0.0
275 0.0
275 0.0
275 0.0
275 0.0
272 0.0
272 0.0
272 0.0
272 0.0
272 0.0
265 0.0
265 0.0
265 0.0
265 0.0
263 0.0
263 0.0
263 0.0
263 0.0
263 0.0
263 0.0
262 0.0
253 0.0
253 0.0
247 0.0
247 0.0
242 0.0
242 0.0
242 0.0
242 0.0
241 0.0
241 0.0
241 0.0
241 0.0
241 0.0
241 0.0
241 0.0
241 0.0
241 0.0
241 0.0
241 0.0
241 0.0
241 0.0
241 0.0
241 0.0
241 0.0
241 0.0
241 0.0
241 0.0
241 0.0
241 0.0
241 0.0
241 0.0
241 0.0
241 0.0
241 0.0
241 0.0
241 0.0
241 0.0
241 0.0
241 0.0
241 0.0
241 0.0
240 0.0
240 0.0
240 0.0
240 0.0
240 0.0
240 0.0
240 0.0
240 0.0
240 0.0
236 0.0
236 0.0
236 0.0
236 0.0
236 0.0
236 0.0
236 0.0
236 0.0
235 0.0
235 0.0
235 0.0
235 0.0
235 0.0
235 0.0
235 0.0
235 0.0
235 0.0
233 0.0
233 0.0
233 0.0
233 0.0
233 0.0
233 0.0
233 0.0
233 0.0
233 0.0
233 0.0
233 0.0
233 0.0
233 0.0
233 0.0
233 15.624046325683594
233 0.0
233 0.0
233 0.0
233 0.0
233 0.0
233 0.0
227 0.0
227 0.0
222 0.0
222 0.0
222 0.0
222 0.0
218 0.0
218 0.0
218 0.0
216 0.0
216 0.0
213 0.0
213 0.0
213 0.0
213 0.0
213 0.0
213 0.0
213 0.0
213 0.0
213 0.0
213 0.0
213 0.0
213 0.0
213 0.0
213 0.0
213 0.0
213 0.0
213 0.0
206 0.0
206 0.0
199 0.0
199 0.0
199 0.0
199 0.0
199 0.0
199 0.0
199 0.0
199 0.0
197 0.0
196 0.0
196 0.0
196 0.0
196 0.0
196 0.0
196 0.0
196 0.0
196 0.0
196 0.0
196 0.0
196 0.0
196 0.0
196 0.0
194 0.0
194 0.0
194 0.0
194 0.0
194 0.0
194 0.0
194 0.0
194 0.0
194 0.0
194 0.0
194 0.0
194 0.0
194 0.0
194 0.0
194 0.0
194 0.0
194 0.0
194 0.0
194 0.0
194 0.0
194 0.0
194 0.0
194 0.0
194 0.0
194 0.0
194 0.0
194 0.0
194 0.0
194 0.0
194 0.0
194 0.0
194 0.0
194 0.0
194 0.0
194 0.0
194 0.0
192 0.0
192 0.0
192 0.0
192 0.0
192 0.0
192 0.0
192 0.0
192 0.0
192 0.0
192 0.0
192 0.0
192 0.0
192 0.0
192 0.0
192 0.0
192 0.0
192 0.0
192 0.0
192 0.0
192 0.0
192 0.0
192 0.0
191 0.0
191 0.0
191 0.0
191 0.0
191 0.0
191 0.0
191 0.0
191 0.0
191 0.0
191 0.0
191 0.0
191 0.0
191 0.0
191 0.0
191 0.0
191 0.0
191 0.0
191 0.0
182 0.0
182 0.0
182 0.0
182 0.0
182 0.0
182 0.0
182 0.0
182 0.0
182 0.0
182 0.0
182 0.0
181 0.0
181 0.0
181 0.0
181 0.0
181 0.0
181 0.0
181 0.0
181 0.0
181 0.0
181 0.0
181 0.0
181 0.0
181 0.0
173 0.0
173 0.0
173 0.0
173 0.0
173 0.0
173 0.0
173 0.0
173 0.0
173 0.0
173 0.0
173 0.0
173 0.0
173 0.0
173 0.0
173 0.0
173 0.0
173 0.0
173 0.0
173 0.0
173 0.0
173 0.0
173 0.0
173 0.0
173 0.0
173 0.0
172 0.0
171 0.0
171 0.0
171 0.0
171 0.0
171 0.0
171 0.0
171 0.0
171 0.0
171 0.0
171 0.0
171 0.0
171 0.0
171 0.0
171 0.0
171 0.0
171 0.0
171 0.0
171 0.0
171 0.0
171 0.0
170 0.0
170 0.0
170 0.0
170 0.0
170 0.0
170 0.0
170 0.0
170 0.0
170 0.0
170 0.0
167 0.0
165 0.0
165 0.0
165 0.0
165 0.0
165 0.0
165 15.622377395629883
165 0.0
163 0.0
163 0.0
163 0.0
163 0.0
163 0.0
163 0.0
163 0.0
163 0.0
163 0.0
161 0.0
161 0.0
161 0.0
161 0.0
161 0.0
161 0.0
161 0.0
161 0.0
161 0.0
161 0.0
161 0.0
143 0.0
143 0.0
143 0.0
143 0.0
143 0.0
143 0.0
143 0.0
143 0.0
143 0.0
142 0.0
142 0.0
141 0.0
141 0.0
141 0.0
141 0.0
141 0.0
141 0.0
141 0.0
141 0.0
141 0.0
141 0.0
141 0.0
141 0.0
141 0.0
141 0.0
141 0.0
141 0.0
141 0.0
141 0.0
141 0.0
141 0.0
141 0.0
141 0.0
141 0.0
141 0.0
139 0.0
139 0.0
139 0.0
139 0.0
139 0.0
139 0.0
139 0.0
136 0.0
136 0.0
136 0.0
136 0.0
136 0.0
130 0.0
130 0.0
130 0.0
130 0.0
130 0.0
130 0.0
130 0.0
130 0.0
130 0.0
130 0.0
130 0.0
130 0.0
130 0.0
130 0.0
130 0.0
130 0.0
130 0.0
130 0.0
130 0.0
130 0.0
130 0.0
130 0.0
130 0.0
130 0.0
130 0.0
130 0.0
130 0.0
130 0.0
130 0.0
130 0.0
130 0.0
130 0.0
130 0.0
130 0.0
130 0.0
130 0.0
130 0.0
128 0.0
128 0.0
128 0.0
128 0.0
128 0.0
128 0.0
128 0.0
128 0.0
128 0.0
128 0.0
128 0.0
128 0.0
128 0.0
128 0.0
128 0.0
128 0.0
128 0.0
128 0.0
128 0.0
128 0.0
128 0.0
128 0.0
128 0.0
128 0.0
128 0.0
128 0.0
128 0.0
128 0.0
128 0.0
128 0.0
128 0.0
128 0.0
128 0.0
127 0.0
127 0.0
127 0.0
127 0.0
127 0.0
127 0.0
127 0.0
127 0.0
127 0.0
127 0.0
127 0.0
127 0.0
127 0.0
127 0.0
127 0.0
127 0.0
127 0.0
127 0.0
127 0.0
127 0.0
127 0.0
127 0.0
127 0.0
127 0.0
127 0.0
127 0.0
127 0.0
127 0.0
127 0.0
127 0.0
127 0.0
127 0.0
127 0.0
127 0.0
127 0.0
127 0.0
127 0.0
127 0.0
127 0.0
127 0.0
127 0.0
127 0.0
127 0.0
127 0.0
127 0.0
127 0.0
127 0.0
127 0.0
127 0.0
127 0.0
127 0.0
127 0.0
127 0.0
127 0.0
126 0.0
126 0.0
126 0.0
126 0.0
126 0.0
126 0.0
126 0.0
126 0.0
126 0.0
126 0.0
126 0.0
126 0.0
126 0.0
126 0.0
126 0.0
126 0.0
126 0.0
126 0.0
126 0.0
126 0.0
126 0.0
126 0.0
126 0.0
126 0.0
126 0.0
126 0.0
126 15.620708465576172
126 0.0
126 0.0
126 0.0
126 0.0
126 0.0
126 0.0
125 0.0
125 0.0
123 0.0
123 0.0
123 0.0
123 0.0
123 0.0
123 0.0
123 0.0
123 0.0
123 0.0
123 0.0
121 0.0
121 0.0
121 0.0
121 0.0
121 0.0
121 0.0
121 0.0
121 0.0
121 0.0
121 0.0
121 0.0
121 0.0
121 0.0
121 0.0
121 0.0
121 0.0
121 0.0
121 0.0
121 0.0
121 0.0
121 0.0
121 0.0
119 0.0
119 0.0
119 0.0
119 0.0
118 0.0
118 0.0
117 0.0
117 0.0
117 0.0
117 0.0
117 0.0
117 0.0
117 0.0
117 0.0
117 0.0
117 0.0
117 0.0
117 0.0
117 0.0
117 0.0
117 0.0
117 0.0
117 0.0
117 0.0
117 0.0
117 0.0
117 0.0
117 0.0
117 0.0
117 0.0
117 0.0
117 0.0
117 0.0
117 0.0
117 0.0
117 0.0
117 0.0
117 0.0
117 0.0
117 0.0
116 0.0
116 0.0
116 0.0
116 0.0
116 0.0
116 0.0
116 0.0
116 0.0
116 0.0
116 0.0
116 0.0
116 0.0
116 0.0
116 0.0
116 0.0
116 0.0
116 0.0
116 0.0
116 0.0
116 0.0
116 0.0
116 0.0
116 0.0
116 0.0
116 0.0
116 0.0
116 0.0
116 0.0
116 0.0
116 0.0
116 0.0
116 0.0
116 0.0
116 0.0
116 0.0
114 0.0
114 0.0
114 0.0
114 0.0
114 0.0
114 0.0
114 0.0
114 0.0
113 0.0
113 0.0
113 0.0
113 0.0
113 0.0
113 0.0
113 0.0
113 0.0
113 0.0
113 0.0
113 0.0
113 0.0
113 0.0
113 0.0
113 0.0
113 0.0
113 0.0
113 0.0
113 0.0
113 0.0
113 0.0
113 0.0
113 0.0
113 0.0
113 0.0
113 0.0
113 0.0
113 0.0
113 0.0
113 0.0
113 0.0
113 0.0
113 0.0
113 0.0
113 0.0
113 0.0
113 0.0
113 0.0
113 0.0
113 0.0
113 0.0
113 0.0
113 0.0
